70 70
16
19
7
48 67
0; 0; 0; 0; 0; 0; 0; 0; 0; 0; 0; 0; 0; 0; 0; 0; 0; 0; 0; 0; 0; 0; 0; 0; 0; 0; 0; 0; 0; 0; 0; 0; 0; 0; 0; 0; 0; 0; 0; 0; 0; 0; 0; 0; 0; 0; 0; 0; 0; 0; 0; 0; 0; 0; 0; 0; 0; 0; 0; 0; 0; 0; 0; 0; 0; 0; 0; 0; 0; 0
0; 1M; 1M; 1M; 1; 1; 1; 1; 1; 1; 1; 1; 1; 1; 1; 1; 1; 1; 1; 1; 1; 1M; 1M; 1M; 1M; 1M; 1; 1; 0; 0; 0; 0; 0; 0; 0; 0; 0; 0; 0; 0; 0; 4; 4; 4; 0; 0; 0; 0; 0; 0; 0; 0; 0; 0; 0; 0; 0; 0; 0; 0; 0; 0; 0; 0; 0; 0; 0; 0; 0; 0
0; 1M; 1M; 1M; 1; 1; 1; 1; 1; 1; 1; 1; 1; 1; 1; 1; 1; 1; 1; 1; 1; 1M; 1M; 1M; 1M; 1M; 1M; 1; 1; 0; 0; 0; 4; 0; 0; 4; 4; 0; 0; 0; 4; 4; 4; 4; 0; 0; 4; 0; 0; 0; 0; 0; 0; 0; 0; 0; 0; 0; 0; 0; 0; 0; 0; 0; 0; 0; 0; 0; 0; 0
0; 1M; 1M; 1M; 1; 1; 1; 1; 1; 1; 1; 1; 1; 1; 1; 1; 1; 1; 1; 1; 1M; 1M; 1M; 1M; 1M; 1M; 1M; 1M; 1; 1; 0; 4; 4; 4; 4; 4; 4; 4; 0; 4; 4; 4; 4; 4; 4; 4; 4; 4; 0; 0; 0; 0; 0; 0; 0; 0; 0; 0; 0; 0; 0; 0; 0; 0; 0; 0; 0; 0; 0; 0
0; 1; 1M; 1; 1; 1; 1; 1; 1; 1; 1; 1M; 1; 1; 1; 1; 1; 1; 1; 1; 1M; 1M; 1M; 1M; 1M; 1M; 1M; 1; 1; 1; 1; 4; 4; 4; 4; 4; 4; 4; 0; 0; 4; 4; 4; 4; 4; 4; 4; 4; 0; 0; 0; 0; 0; 0; 0; 0; 0; 0; 0; 0; 0; 0; 0; 0; 0; 0; 0; 0; 0; 0
0; 1; 1; 1; 1; 1; 1; 1; 1; 1; 1M; 1M; 1M; 1M; 1M; 1; 1; 1; 1; 1; 1M; 1M; 1M; 1M; 1; 1M; 1; 1; 1; 1; 1; 1; 1; 1; 4; 4; 4; 4; 4; 4; 4; 4; 4; 4; 4; 4; 4; 4; 0; 0; 0; 0; 0; 0; 0; 0; 0; 0; 0; 0; 0; 0; 0; 0; 0; 0; 0; 0; 0; 0
0; 1; 1; 1; 1; 1; 1; 1; 1; 1; 1M; 1M; 1M; 1M; 1M; 1; 1; 1; 1; 1; 1; 1M; 1; 1; 1M; 1M; 1M; 1M; 1M; 1; 1; 1; 1; 1; 1; 4; 4; 4; 4; 4; 4; 4; 4; 4; 4; 4; 4; 4; 0; 0; 0; 0; 0; 0; 0; 0; 0; 0; 0; 0; 0; 0; 0; 0; 0; 0; 0; 0; 0; 0
0; 1; 1; 1; 1; 1; 1; 1; 1M; 1M; 1M; 1M; 1M; 1M; 1M; 1M; 1; 1; 1; 1; 1; 1; 1; 1; 1M; 1M; 1M; 1M; 1M; 1M; 1; 1; 1; 1; 4; 4; 4; 4; 4; 4; 4; 4; 4; 4; 4; 4; 4; 4; 0; 0; 0; 0; 0; 0; 0; 0; 0; 0; 0; 0; 0; 0; 0; 0; 0; 0; 0; 0; 0; 0
0; 1; 1; 1; 1; 1; 1; 1M; 1M; 1M; 1M; 1M; 1M; 1M; 1M; 1; 1; 1; 1; 1; 1; 1; 1; 1; 1M; 1M; 1M; 1M; 1M; 1M; 1; 1; 1; 1; 4; 4; 4; 4; 4; 4; 4; 4; 4; 4; 4; 4; 4; 0; 0; 0; 0; 0; 0; 0; 0; 0; 0; 0; 0; 0; 0; 0; 0; 0; 0; 0; 0; 0; 0; 0
0; 1; 1; 1; 1; 1; 1; 1; 1M; 1M; 1M; 1M; 1M; 1M; 1; 1; 1; 1; 1; 1; 1; 1; 1; 1; 1; 1M; 1M; 1M; 1M; 1M; 1M; 1; 1; 4; 4; 4; 4; 4; 4; 4; 4; 4; 4; 4; 4; 4; 4; 0; 0; 0; 0; 0; 0; 0; 0; 0; 0; 0; 0; 0; 0; 0; 0; 0; 0; 0; 0; 0; 0; 0
0; 1; 1; 1; 1; 1; 1; 1M; 1M; 1M; 1M; 1M; 1M; 1M; 1M; 1M; 1; 1; 1M; 1; 1; 1; 1; 1; 1M; 1M; 1M; 1M; 1M; 1M; 1M; 4M; 4; 4; 4; 4; 4; 4; 4; 4; 4; 4; 4; 4; 4; 4; 4; 0; 0; 0; 0; 0; 0; 0; 0; 0; 0; 0; 0; 0; 0; 0; 0; 0; 0; 0; 0; 0; 0; 0
0; 1; 1; 1; 1; 1; 1; 1; 1M; 1M; 1M; 1M; 1M; 1M; 1M; 1M; 1M; 1M; 1M; 1M; 1; 1; 1; 1; 1M; 1M; 1M; 1M; 1M; 1M; 4M; 4M; 4; 4; 4; 4; 4; 4; 4; 4; 4; 4; 4; 4; 4; 4; 4; 4; 0; 0; 0; 0; 0; 0; 0; 0; 0; 0; 0; 0; 0; 0; 0; 0; 0; 0; 0; 0; 0; 0
0; 1; 1; 1; 1; 1; 1; 1; 1M; 1M; 1M; 1M; 1M; 1M; 1M; 1M; 1M; 1M; 1M; 1M; 1; 1P; 1; 1; 1; 1M; 1M; 1M; 1M; 4M; 4M; 4; 4; 4; 4; 4; 4; 4; 4; 4; 4; 4; 4; 4; 4; 4; 4; 4; 0; 0; 0; 0; 0; 0; 0; 0; 0; 0; 0; 0; 0; 0; 0; 0; 0; 0; 0; 0; 0; 0
0; 1; 1P; 1; 1; 1; 1; 1; 1M; 1M; 1M; 1M; 1M; 1M; 1M; 1M; 1M; 1M; 1M; 1M; 1; 1; 1; 1; 0; 1; 1M; 1M; 1M; 4M; 4M; 4M; 4; 4; 4; 4; 4; 4; 4; 4; 4; 4; 4; 4; 4; 4; 4; 4; 4; 0; 0; 0; 0; 0; 0; 0; 0; 0; 0; 0; 0; 0; 0; 0; 0; 0; 0; 0; 0; 0
0; 1; 1; 1; 1; 1; 1; 1; 1M; 1M; 1M; 1M; 1M; 1M; 1M; 1M; 1M; 1M; 1M; 1M; 1; 1; 1; 1; 1; 0; 1; 1; 1; 4M; 4M; 4; 4; 4; 4; 4; 4; 4; 4; 4; 4; 4; 4; 4; 4; 4; 4; 4; 0; 0; 0; 0; 0; 0; 0; 0; 0; 0; 0; 0; 0; 0; 0; 0; 0; 0; 0; 0; 0; 0
0; 1; 1; 1; 1; 1; 1; 1; 1; 1M; 1; 1M; 1M; 1M; 1M; 1M; 1M; 1M; 1M; 1M; 1M; 1; 1; 1; 1; 1; 4; 1; 4; 4; 4; 4; 4; 4; 4; 4; 4; 4; 4; 4; 4; 4; 4; 4; 4; 4; 4; 0; 0; 0; 0; 0; 0; 0; 0; 0; 0; 0; 0; 0; 0; 0; 0; 0; 0; 0; 0; 0; 0; 0
0; 1; 1; 1; 1; 1; 1; 1; 1; 1; 1; 1; 1M; 1M; 1M; 1M; 1M; 1M; 1M; 1M; 1; 1; 1; 1; 1; 4; 4; 4; 4; 4; 4; 4; 4; 4; 4; 4; 4; 4; 4; 4; 4; 4; 4; 4; 4; 4; 4; 4; 4; 0; 0; 0; 0; 0; 0; 0; 0; 0; 0; 0; 0; 0; 0; 0; 0; 0; 0; 0; 0; 0
0; 1; 1; 1; 1; 1; 1; 1; 1; 1; 1; 1; 1; 1M; 1M; 1M; 1M; 1M; 1M; 1; 1; 1; 1; 1; 1; 4; 4; 4; 4; 4; 4; 4; 4; 4; 4; 4; 4; 4; 4; 4; 4; 4; 4; 4; 4; 4; 4; 4; 4; 4; 0; 0; 0; 0; 0; 0; 0; 0; 0; 0; 0; 0; 0; 0; 0; 0; 0; 0; 0; 0
0; 1; 1; 1; 1; 1; 1; 1; 1; 1; 1; 1; 1M; 1M; 1M; 1M; 1M; 1M; 1; 1; 1; 1; 1; 1; 1; 1; 4; 4; 4; 4; 4; 4; 4; 4; 4; 4; 4; 4; 4; 4; 2; 2; 2; 2; 4; 4; 4; 4; 4; 0; 0; 0; 0; 0; 0; 0; 0; 2M; 0; 0; 0; 0; 0; 0; 0; 0; 0; 0; 0; 0
0; 1; 1; 1; 1; 1; 1; 1; 1; 1; 1; 1; 1; 1M; 1M; 1M; 1M; 1M; 1; 1; 1; 1; 1; 1; 1; 4; 4; 4; 4; 4; 4; 4; 4; 4; 4; 4; 4; 4; 4; 2; 2; 2; 2; 2; 2; 2; 2; 2; 4; 0; 0; 0; 0; 0; 0; 0; 2M; 2M; 2M; 2; 2; 0; 0; 0; 0; 0; 0; 0; 0; 0
0; 1; 1; 1; 1; 1; 1; 1; 1; 1; 1; 1; 1; 1M; 1M; 1M; 1; 1; 1; 1; 1; 1; 1; 1; 1; 4; 4; 4; 4; 4; 4; 4; 4; 4; 4; 4; 4; 2; 2; 2; 2; 2; 2; 2; 2; 2; 2; 2; 2; 0; 0; 0; 0; 2M; 0; 2M; 2M; 2M; 2M; 2M; 2; 2; 0; 0; 0; 0; 0; 0; 0; 0
0; 1; 1; 1; 1; 1; 1; 1; 1; 1; 1; 1; 1; 1; 1M; 1; 1; 1; 1; 1; 1; 1; 1; 1; 1; 4; 4; 4; 4; 4; 4; 4; 4; 4; 4; 4; 2; 2; 2; 2; 2; 2; 2; 2; 2; 2; 2; 2; 2; 0; 0; 0; 2M; 2M; 2M; 2M; 2M; 2M; 2M; 2M; 2M; 2; 2; 0; 0; 0; 0; 0; 0; 0
0; 1; 1; 1; 1; 1; 1; 1; 1; 1; 1; 1; 1; 1; 1; 1; 1; 1; 1; 1; 1; 1; 1; 1; 4; 4; 4; 4; 4; 4; 4; 4; 4; 4; 4; 2; 2; 2; 2; 2; 2; 2; 2; 2; 2; 2; 2; 2; 0; 0; 0; 0; 2M; 2M; 2M; 2M; 2M; 2M; 2M; 2M; 2M; 2M; 0; 0; 0; 0; 0; 0; 0; 0
0; 1; 1; 1; 1; 1; 1; 1; 1; 1; 1; 1; 1; 1; 1; 1; 1; 1; 1; 1; 1; 1; 1; 1; 4; 4; 4; 4; 4; 4; 4; 4; 4; 4; 4; 2; 2; 2; 2; 2; 2; 2; 2; 2; 2; 2; 2; 2; 2; 0; 0; 2M; 2M; 2M; 2M; 2M; 2M; 2M; 2M; 2M; 2M; 2; 0; 0; 0; 0; 0; 0; 0; 0
0; 1; 1; 1; 1; 1; 1; 1; 1; 1; 1; 1; 1; 1; 1; 1; 1; 1; 1; 1; 1; 1; 1; 4; 4; 4; 4; 4; 4; 4; 4; 4; 4; 4; 4; 2; 2; 2; 2; 2; 2; 2; 2; 2; 2; 2M; 2M; 2; 2; 2; 2; 2; 2M; 2M; 2M; 2M; 2M; 2M; 2M; 2; 2; 2; 2; 2; 2; 0; 0; 0; 0; 0
0; 1; 1; 1; 1; 1; 1; 1; 1; 1; 1; 1; 1; 1; 1; 1; 1; 1; 0; 1; 4; 4; 4; 4; 4; 4; 4; 4; 4; 4; 4; 4; 4; 4; 2; 2; 2; 2; 2; 2; 2; 2; 2; 2; 2M; 2M; 2M; 2; 2; 2; 2; 2; 2; 2; 2; 2M; 2M; 2M; 2M; 2M; 2; 2; 2; 2; 2; 2; 0; 0; 0; 0
0; 1; 1; 1; 1; 1; 1; 1; 1; 1; 1; 1; 1; 1; 1; 1; 1; 3; 3; 4; 4; 4; 4; 4; 4; 4; 4; 4; 4; 4; 4; 4; 4; 4; 2; 2; 2; 2; 2; 2; 2; 2; 2; 2M; 2M; 2M; 2M; 2M; 2; 2; 2; 2; 2; 2; 2; 2; 2M; 2M; 2M; 2M; 2; 2; 2; 2; 2; 0; 0; 0; 0; 0
0; 1; 1; 1; 1; 1; 1; 1; 1; 1; 1; 1; 1; 1; 1; 1; 3; 3; 3; 3; 4P; 4; 4; 4; 4; 4P; 4; 4; 4; 4; 4; 4; 4; 4; 2; 2; 2; 2; 2; 2M; 2; 2M; 2M; 2M; 2M; 2M; 2M; 2M; 2M; 2; 2; 2; 2; 2; 2; 2; 2; 2; 2M; 2; 2; 2; 2; 2; 2; 0; 2M; 2M; 0; 0
0; 1; 1; 1; 1; 1; 1; 1; 1; 1; 1; 1; 1; 1; 1; 3; 3; 3; 3; 4; 4; 4; 4; 4; 4; 4; 4; 4; 4; 4; 4; 4; 4; 4; 2; 2; 2; 2; 2M; 2M; 2M; 2M; 2M; 2M; 2M; 2M; 2M; 2M; 2M; 2; 2; 2; 2; 2; 2; 2; 2; 2; 2; 2; 2; 2; 2; 2; 2; 2M; 2M; 2M; 2M; 0
0; 1; 1; 1; 1; 1; 1; 1; 1; 1; 1; 1; 1; 1; 3; 3; 3; 3; 3; 3; 4; 4; 4; 4; 4; 4; 4; 4; 4; 4; 4; 4; 4; 4; 4; 2; 2; 2M; 2M; 2M; 2M; 2M; 2M; 2; 2M; 2M; 2M; 2M; 2M; 2; 2; 2; 2; 2; 2; 2; 2; 2; 2; 2; 2; 2; 2; 2; 2; 2; 2M; 2M; 2M; 0
0; 1; 1; 1; 1; 1; 1; 1; 1; 1; 1; 3; 3; 3; 3; 3; 3; 3; 3; 3; 3; 4; 4; 4; 4; 4; 4; 4; 4; 4; 4; 4; 4; 4; 4; 4; 2; 2M; 2M; 2M; 2M; 2M; 2; 2; 2; 2M; 2M; 2M; 2; 2; 2; 2; 2; 2P; 2; 2; 2M; 2M; 2; 2; 2; 2; 2; 2; 2; 2M; 2M; 2M; 2M; 0
0; 1; 1; 1; 1; 1; 1; 1; 1; 1; 3; 3; 3; 3; 3; 3; 3P; 3; 3; 3P; 3; 3; 4; 4; 4; 4; 4; 4; 4; 4; 4; 4; 4; 4; 4; 4; 4; 2; 2M; 2M; 2M; 2; 2; 2; 2; 2; 2; 2; 2; 2; 2; 2; 2; 2; 2; 2M; 2M; 2M; 2; 2; 2; 2; 2; 2; 2; 2; 2M; 2M; 5M; 0
0; 1; 1; 1; 1; 1; 1; 1; 1; 3; 3; 3; 3; 3; 3; 3; 3; 3; 3; 3; 3; 4; 4; 4; 4; 4; 4; 4; 4; 4; 4; 4; 4; 4; 4; 4; 4; 2; 2; 2; 2; 2; 2; 2; 2; 2; 2; 2; 2; 2; 2; 2; 2; 2; 2M; 2M; 2M; 2M; 2M; 2; 2; 2; 2; 2; 2; 2; 2; 5M; 5; 0
0; 3; 1; 0; 1; 3; 1; 1; 1; 3; 3; 3; 3; 3; 3; 3; 3; 3; 3; 3; 3; 3; 4; 4; 3; 4; 4; 4; 4; 4; 4; 4; 4; 4; 4; 4; 2; 2; 2; 2; 2; 2; 2; 2; 2; 2; 2; 2; 2; 2; 2; 2; 2; 2; 2; 2M; 2M; 2M; 2M; 2M; 2M; 2; 2; 2; 2; 2; 2; 2; 5; 0
0; 3; 3; 3; 3; 3; 3; 1; 3; 3; 3; 3; 3; 3; 3; 3; 3; 3; 3; 3; 3; 3; 3; 3; 3; 3; 4; 4; 4; 4; 4; 4; 4; 4; 4; 2; 2; 2; 2; 2; 2; 2; 2; 2; 2; 2; 2; 2; 2; 2; 2; 2; 2; 2; 2; 2M; 2M; 2M; 2M; 2M; 2M; 2M; 2; 2; 2; 2; 2; 5; 5; 0
0; 3; 3; 3; 3; 3; 3; 3; 3; 3; 3; 3; 3; 3; 3; 3; 3; 3; 3; 3; 3; 3; 3; 3; 3; 3; 4; 4; 4; 4; 4; 4; 4; 4; 4; 4; 2; 2; 2; 2; 2; 2; 2; 2; 2; 2; 2; 2; 2; 2; 2; 2; 2; 2; 2; 2; 2M; 2M; 2M; 2M; 2M; 2M; 2; 5; 5; 5; 5; 5; 5; 0
0; 3; 3; 3; 3; 3; 3; 3; 3; 3; 3; 3; 3; 3; 3; 3; 3; 3; 3; 3; 3; 3; 3; 3; 3; 3; 4; 4; 4; 4; 4; 4; 4; 4; 4; 4; 4; 2; 2; 2; 2; 2; 2; 2; 2; 2; 2; 2; 2; 2; 2; 2; 2; 2; 2; 2; 2M; 2M; 2M; 2M; 2M; 2; 5; 5; 2; 5; 5; 5; 5; 0
0; 3; 3; 3; 3; 3; 3; 3; 3; 3; 3; 3; 3; 3; 3; 3; 3; 3; 3; 3; 3; 3; 3; 3; 3; 3; 4; 4; 4; 4; 4; 4; 4; 4; 4; 4; 4; 2; 2; 2; 2; 2; 2; 2; 2; 2; 2; 2; 2; 2; 2; 2; 2; 2; 2; 2; 2M; 2M; 2M; 2; 2; 2; 2; 2; 2; 2; 5; 5; 5; 0
0; 3; 3; 3; 3; 3; 3; 3; 3; 3; 3; 3; 3; 3; 3; 3; 3; 3; 3; 3; 3; 3; 3; 3; 3; 3; 4; 4; 4; 4; 4; 4; 4; 4; 4; 4; 4; 2; 2; 2; 2; 2; 2; 2; 2; 2; 2; 2; 2; 2; 2; 2; 2; 2; 2; 2; 2; 2M; 2; 2; 2; 2; 2; 2; 2; 2; 5; 5; 5; 0
0; 3; 3; 3; 3; 3; 3; 3; 3; 3; 3M; 3; 3; 3; 3; 3; 3; 3; 3; 3; 3; 3; 3; 3; 3; 4; 4; 4; 4; 4; 4; 4; 4; 4; 4; 4; 4; 2; 2; 2; 2; 2; 2; 2; 2; 2; 2; 2; 2; 2; 2; 2; 2; 2; 2; 2; 2; 2; 2; 2; 2; 2; 2; 2; 2; 2; 5; 5; 5; 0
0; 3; 3; 3; 3; 3; 3; 3; 3M; 3M; 3M; 3M; 3; 3; 3; 3; 3; 3; 3; 3; 3; 3; 3; 3; 3; 3; 4; 4; 4; 4; 4; 4; 4; 4; 4; 4; 2; 2; 2; 2; 2; 2; 2; 2; 2; 2; 2; 2; 2; 2; 2; 2; 2; 2; 2; 2; 2; 2; 2; 2; 2; 2; 2; 2; 2; 2; 5; 5; 5; 0
0; 3; 3; 3; 3; 3; 3; 3M; 3M; 3M; 3M; 3M; 3M; 3; 3; 3; 3; 3; 3; 3; 3; 3; 3; 3; 3; 3; 4; 4; 4; 4; 4; 4; 4; 4; 4; 2; 2; 2; 2; 2; 2; 2; 2; 2; 2; 2; 2; 2; 2; 2; 2; 2; 2; 2; 2; 2; 2; 2; 2; 2; 2; 2; 2; 2; 2; 5; 5; 5; 5; 0
0; 3; 3; 3; 3; 3; 3; 3; 3M; 3M; 3M; 3M; 3M; 3; 3; 3; 3; 3; 3; 3; 3; 3; 3; 3; 3; 4; 4; 4; 4; 4; 4; 4; 4; 4; 4; 2; 2; 2; 2; 2; 2; 2; 2; 2; 2; 2; 2; 2; 2; 2; 2; 2; 2; 2; 2; 2; 2; 2; 2; 2; 2; 2; 2; 2; 2; 2; 5; 5; 5; 0
0; 3; 3; 3; 3; 3; 3; 3; 3; 3M; 3; 3M; 3; 3; 3; 3; 3; 3; 3; 3; 3; 3; 3; 4; 4; 4; 4; 4; 4; 4; 4; 4; 4; 4; 4; 4; 2; 2; 0; 2; 2; 2; 5; 5; 5; 5; 2; 2; 2; 2; 2; 2; 2; 2; 2; 2; 2; 2; 2; 2; 5; 5; 2; 2; 2; 5; 5; 5; 5; 0
0; 3; 3; 3; 3; 3; 3; 3; 3; 3; 3; 3; 3; 3; 3; 3; 3; 3; 3P; 3; 3; 3; 3; 4; 4; 4; 4; 4; 4; 4; 4; 4; 4; 4; 4; 4; 4; 0; 0; 5; 5; 5; 5; 5; 5; 5; 2; 2; 2; 2; 2; 2; 2; 2; 2; 2; 2; 5; 5; 5; 5; 5; 5; 2; 5; 5; 5; 5; 5; 0
0; 3; 3; 3; 3; 3; 3; 3; 3; 3; 3; 3; 3; 3; 3; 3; 3; 3; 3; 3; 3; 3; 3; 4; 4; 4; 4; 4; 4; 4; 4; 4; 4; 4; 4; 4; 4; 0; 5; 5; 5; 5; 5; 5; 5; 5; 5; 2; 2; 2; 2; 2; 2; 2; 2; 2; 5; 5; 5; 5; 5; 5; 5; 5; 5; 5; 5; 5; 5; 0
0; 3; 3; 3; 3; 3; 3; 3; 3; 3; 3; 3; 3; 3; 3; 3; 3; 3; 3; 3; 3; 3; 3; 4; 4; 4; 4; 4; 4; 4; 4; 4; 4; 4; 4; 4; 4; 4; 5; 5; 5; 5; 5; 5; 5; 5; 5; 2; 2; 2; 2; 2; 2; 5; 2; 5; 5; 5; 5; 5; 5; 5; 5; 5; 5; 5; 5; 5; 5; 0
0; 3; 3; 3; 3; 3; 3; 3; 3; 3; 3; 3; 3; 3; 3; 3; 3; 3; 3; 3; 3; 3; 3; 3; 4; 3; 4; 4; 4; 4; 4; 4; 4; 4; 4; 4P; 4; 5; 5; 5; 5; 5; 5; 5; 5; 5; 5; 5; 2; 2; 2; 2; 5; 5; 5; 5; 5; 5; 5; 5; 5; 5; 5; 5; 5; 5; 5; 5; 5; 0
0; 3; 3; 3; 3; 3; 3; 3; 3; 3; 3; 3; 3; 3; 3; 3; 3; 3; 3; 3; 3; 3; 3; 3; 3; 3; 3; 4; 4; 4; 4; 4; 4; 4; 4; 4; 4; 4; 4; 5; 5; 5; 5; 5; 5; 5; 5; 5; 5; 2; 2; 2; 2; 5; 5; 5; 5; 5; 5; 5; 5; 5; 5; 5; 5; 5; 5; 5; 5; 0
0; 3; 3; 3; 3; 3; 3; 3; 3; 3; 3; 3; 3; 3; 3; 3; 3; 3; 3; 3; 3; 3; 3; 3P; 3; 3; 3; 3; 4; 4; 4; 4; 4; 4; 4; 4; 4; 4; 4; 4; 5; 5; 5; 5; 5; 5; 5; 5; 5; 5; 2; 2; 2; 5; 5; 5; 5; 5; 5; 5; 5; 5; 5; 5; 5; 5; 5; 5; 5; 0
0; 3; 3; 3; 3; 3; 3; 3; 3; 3; 3; 3; 3; 3; 3; 3; 3; 3; 3; 3; 3; 3; 3; 3; 3; 3; 3; 3; 3; 3; 4; 4; 4; 4; 4; 4; 4; 4; 4; 5; 5; 5; 5; 5; 5; 5; 5; 5; 5; 2; 2; 2; 2; 5; 5; 5; 5; 5; 5; 5; 5; 5; 5; 5; 5; 5; 5; 5; 5; 0
0; 3; 3; 3; 3; 3; 3; 3; 3; 3; 3; 3; 3; 3; 3; 3; 3; 3; 3; 3; 3; 3; 3; 3; 3; 3; 3; 3; 3; 3; 4; 4; 4M; 4M; 4M; 4; 4; 4; 4; 5; 5; 5; 5; 5; 5; 5; 5; 5; 5; 5; 2; 2; 5; 5; 5; 5; 5; 5; 5; 5; 5; 5; 5; 5; 5; 5; 5; 5; 5; 0
0; 3; 3; 3; 3; 3; 3; 3; 3; 3; 3; 3; 3; 3; 3; 3; 3; 3; 3; 3; 3; 3; 3; 3; 3; 3; 3; 3; 3; 3; 4; 4M; 4M; 4M; 4M; 4M; 4M; 4M; 4M; 4; 5; 5; 5; 5; 5; 5; 5; 5; 5; 5; 2; 5; 5; 5; 5; 5; 5; 5; 5; 5; 5; 5; 5; 5; 5; 5; 5; 5; 5; 0
0; 3; 3; 3; 3; 3; 3; 3; 3; 3; 3; 3; 3; 3; 3; 3; 3; 3; 3; 3; 3; 3; 3; 3; 3; 3; 3; 3; 3; 4; 4; 4M; 4M; 4M; 4M; 4M; 4M; 4M; 4M; 4M; 5; 5; 5; 5; 5; 5; 5; 5; 5; 5; 5; 5; 5; 5; 5; 5; 5; 5; 5; 5; 5; 5; 5; 5; 5; 5; 5; 5; 5; 0
0; 3; 3; 3; 3; 3; 3; 3; 3; 3; 3; 3; 3; 3; 3; 3; 3; 3; 3; 3; 3; 3; 6; 3; 6; 6; 3; 3; 3; 3; 4M; 4M; 4M; 4M; 4M; 4M; 4M; 4M; 4M; 4M; 5; 5; 5; 5; 5; 5; 5; 5; 5; 5; 5; 5; 5; 5; 5; 5; 5; 5; 5; 5; 5; 5; 5; 5; 5; 5; 5; 5; 5; 0
0; 3; 3; 3; 3; 3; 3; 3; 3; 3; 3; 3; 3; 3; 3; 3; 3; 3; 3; 3; 3; 3; 6; 6; 6; 6; 3; 3; 3; 3; 3; 4M; 4M; 4M; 4M; 4M; 4M; 4M; 4M; 4M; 5; 5; 5; 5; 5; 5; 5; 5; 5; 5; 5; 5; 5; 5; 5; 5; 5; 5; 5; 5; 5; 5; 5; 5; 5; 5; 5; 5; 5; 0
0; 3; 3; 3; 3; 3; 3; 3; 3; 3; 3; 3; 3; 3; 3; 3; 6; 3; 3; 3; 3; 3; 6; 6; 6; 6; 6; 3; 3; 3; 4; 4; 4; 4M; 4M; 4M; 4M; 4M; 4M; 5; 5; 5; 5; 5; 5; 5; 5; 5; 5; 5; 5; 5; 5; 5; 5; 5; 5; 5; 5; 5; 5; 5; 5; 5; 5; 5; 5; 5; 5; 0
0; 3; 3; 3; 3; 3; 3; 3; 3; 3; 3; 3; 3; 3; 6; 6; 6; 6; 3; 3; 3; 6; 6; 6; 6; 6; 6; 6; 6; 6; 6; 4; 6; 6; 4M; 4M; 4M; 5; 5; 5; 5; 5; 5; 5; 5; 5; 5; 5; 5; 5; 5; 5; 5; 5; 5; 5; 5; 5; 5; 5; 5; 5; 5; 5; 5; 5; 5; 5; 5; 0
0; 3; 3; 3; 3; 3; 3; 3; 3; 3; 3; 3; 6; 6; 6; 6; 6; 3; 3; 3; 3; 6; 6; 6; 6; 6; 6; 6M; 6; 6; 6M; 6; 6; 6; 6; 4M; 5; 5; 5; 5; 5; 5; 5; 5; 5; 5; 5; 5P; 5; 5; 5; 5; 5; 5; 5; 5; 5; 5; 5; 5; 5; 5; 5; 5; 5; 5; 5; 5; 5; 0
0; 3; 3; 3; 3; 3; 3; 3; 3; 3; 3; 3; 6; 6; 6; 6; 6; 6; 3; 3; 6; 6; 6; 6; 6; 6M; 6M; 6M; 6M; 6M; 6M; 6M; 6; 6; 6; 5; 5; 5; 5; 5; 5; 5; 5; 5; 5; 5; 5; 5; 5; 5; 5; 5; 5; 5; 5; 5; 5; 5; 5; 5; 5; 5; 5; 5; 5; 5; 5; 5; 5; 0
0; 3; 3; 3; 3; 3; 3; 3; 3; 3; 3; 6; 6; 6; 6; 6; 6; 6; 6; 6; 6; 6; 6; 6; 6M; 6M; 6M; 6M; 6M; 6M; 6M; 6M; 6; 6; 6; 5; 5; 5; 5; 5; 5; 5; 5; 5; 5; 5; 5; 5; 5; 5; 5; 5; 5; 5; 5; 5; 5; 5; 5; 5; 5; 5; 5; 5; 5; 5; 5; 5; 5; 0
0; 3; 3; 3; 3; 3; 3; 3; 3; 3; 6; 6; 6; 6; 6; 6; 6; 6; 6; 6; 6; 6; 6; 6; 6; 6M; 6M; 6M; 6M; 6M; 6M; 6M; 6; 6; 6; 6; 5; 5; 5; 5; 5; 5; 5; 5; 5; 5; 5; 5; 5; 5; 5; 5; 5; 5; 5; 5; 5; 5; 5; 5; 5; 5; 5; 5; 5; 5; 5; 5; 5; 0
0; 3; 3; 3; 3; 3; 3; 3; 3; 3; 3; 6; 6; 6; 6; 6; 6; 6; 6; 6; 6; 6; 6; 6; 6; 6; 6; 6M; 6M; 6M; 6M; 6; 6; 6; 6; 6; 6; 6; 5; 5; 5; 5; 5; 5; 5; 5; 5; 5; 5; 5; 5; 5; 5; 5; 5; 5; 5; 5; 5; 5; 5; 5; 5; 5; 5; 5; 5; 5; 5; 0
0; 3; 3; 3; 3; 3; 3; 3; 3; 3; 3; 3; 6; 6; 6; 6; 6; 6; 6; 6; 6; 6; 6; 6; 6; 6; 6M; 6M; 6M; 6M; 6; 6; 6; 6; 6; 6; 6; 6; 6; 5; 5; 5; 5; 5; 5; 5; 5; 5; 5; 5; 5; 5; 5; 5; 5; 5; 5; 5; 5; 5; 5; 5; 5; 5; 5; 5; 5; 5; 5; 0
0; 3; 3; 3; 3; 3; 3; 3; 3; 3; 3; 6; 6; 6; 6; 6; 6; 6; 6; 6; 6; 6; 6; 6; 6; 6; 6; 6M; 6M; 6; 6; 6; 6; 6; 6; 6; 6; 6; 6; 6; 5; 5; 5; 5; 5; 5; 5; 5; 5; 5; 5; 5; 5; 5; 5; 5; 5; 5; 5; 5; 5; 5; 5; 5; 5; 5; 5; 5; 5; 0
0; 3; 3; 3; 3; 3; 3; 3; 3; 3; 6; 6; 6; 6; 6; 6; 6; 6; 6; 6; 6; 6; 6; 6; 6; 6; 6; 6; 6; 6; 6; 6; 6; 6; 6; 6; 6; 6; 6; 6; 6; 6; 5; 5; 5; 5; 5; 5; 5; 5; 5; 5P; 5; 5; 5; 5; 5; 5; 5; 5; 5; 5; 5; 5; 5; 5; 5; 5; 5; 0
0; 3; 3; 3; 3; 3; 3; 3; 3; 6; 6; 6; 6; 6; 6; 6; 6; 6; 6; 6; 6; 6; 6; 6; 6; 6; 6; 6; 6; 6; 6; 6; 6; 6; 6; 6; 6; 6; 6; 6; 6; 6; 5; 5; 5; 5; 5; 5; 5; 5; 5; 5; 5; 5; 5; 5; 5; 5; 5; 5; 5; 5; 5; 5; 5; 5; 5; 5; 5; 0
0; 3; 3; 3; 3; 3; 3; 3; 3; 6; 6; 6; 6; 6; 6; 6; 6; 6; 6; 6; 6; 6; 6; 6; 6; 6; 6; 6; 6; 6; 6; 6; 6; 6; 6; 6; 6; 6; 6; 6; 6; 6; 5; 5; 5P; 5; 5; 5; 5; 5; 5; 5; 5; 5; 5; 5; 5; 5; 5; 5; 5; 5; 5; 5; 5; 5; 5; 5; 5; 0
0; 0; 0; 0; 0; 0; 3; 3; 3; 3; 6; 6; 6; 6; 6; 6; 6; 6; 6; 6; 6; 6; 6; 6; 6; 6; 6; 6; 6; 6; 6; 6; 6; 6; 6; 6; 6; 6; 6; 6; 6; 6; 6; 5; 5; 5; 5; 5; 5; 5; 5; 5; 5; 5; 5; 5; 5; 5; 5; 5; 5; 5; 5; 5; 5; 5; 5; 5; 5; 0
0; 0; 0; 0; 0; 0; 0; 0; 0; 0; 0; 0; 0; 0; 0; 0; 0; 0; 0; 0; 0; 0; 0; 0; 0; 0; 0; 0; 0; 0; 0; 0; 0; 0; 0; 0; 0; 0; 0; 0; 0; 0; 0; 0; 0; 0; 0; 0; 0; 0; 0; 0; 0; 0; 0; 0; 0; 0; 0; 0; 0; 0; 0; 0; 0; 0; 0; 0; 0; 0
