74 74
20
23
7
18 5
0; 0; 0; 0; 0; 0; 0; 0; 0; 0; 0; 0; 0; 0; 0; 0; 0; 0; 0; 0; 0; 0; 0; 0; 0; 0; 0; 0; 0; 0; 0; 0; 0; 0; 0; 0; 0; 0; 0; 0; 0; 0; 0; 0; 0; 0; 0; 0; 0; 0; 0; 0; 0; 0; 0; 0; 0; 0; 0; 0; 0; 0; 0; 0; 0; 0; 0; 0; 0; 0; 0; 0; 0; 0
0; 1M; 1M; 1M; 1; 1; 1; 1; 1; 1; 1; 1; 1; 1; 1; 1; 1; 1; 1; 1; 1; 1; 1; 1; 1; 1; 1; 1; 1; 1; 0; 0; 0; 0; 0; 0; 0; 0; 0; 0; 0; 0; 0; 0; 0; 0; 0; 0; 0; 0; 0; 0; 0; 0; 0; 0; 0; 0; 0; 0; 0; 0; 0; 0; 0; 0; 0; 0; 0; 0; 0; 0; 0; 0
0; 1M; 1M; 1M; 1; 1; 1; 1; 1; 1; 1; 1; 1; 1; 1; 1; 1; 1; 1; 1; 1; 1; 1; 1; 1; 1; 1; 1; 1; 1; 1; 0; 0; 0; 0; 0; 0; 0; 0; 0; 6; 6; 6; 0; 0; 0; 0; 0; 0; 0; 0; 0; 0; 0; 0; 0; 0; 0; 0; 0; 0; 0; 0; 0; 0; 0; 0; 0; 0; 0; 0; 0; 0; 0
0; 1M; 1M; 1M; 1M; 1; 1; 1; 1; 1; 1; 1; 1; 1; 1; 1; 1; 1; 1; 1; 1; 1; 1; 1; 1; 1M; 1; 1; 1; 1; 0; 0; 0; 0; 0; 0; 0; 0; 6; 6; 6; 6; 6; 6; 0; 0; 0; 0; 0; 0; 0; 0; 0; 0; 0; 0; 0; 0; 0; 0; 0; 0; 0; 0; 0; 0; 0; 0; 0; 0; 0; 0; 0; 0
0; 1M; 1M; 1M; 1M; 1; 1; 1; 1; 1; 1; 1; 1; 1; 1; 1; 1; 1; 1; 1; 1; 1; 1; 1; 1; 1M; 1; 1; 0; 0; 0; 0; 0; 0; 0; 0; 0; 0; 6; 6; 6; 6; 6; 0; 0; 0; 0; 0; 0; 0; 0; 0; 0; 0; 0; 0; 0; 0; 0; 0; 0; 0; 0; 0; 0; 0; 0; 0; 0; 0; 0; 0; 0; 0
0; 1M; 1M; 1M; 1M; 1; 1; 1; 1; 1; 1; 1; 1; 1; 1; 1; 1; 1; 1; 1; 1; 1; 1; 1; 1M; 1M; 1M; 0; 0; 0; 0; 0; 0; 0; 0; 0; 0; 0; 0; 6; 6; 6; 6; 6; 0; 0; 0; 0; 0; 0; 0; 0; 0; 0; 0; 0; 0; 0; 0; 0; 0; 0; 0; 0; 0; 0; 0; 0; 0; 0; 0; 0; 0; 0
0; 1M; 1; 1M; 1; 1; 1; 1; 1; 1; 1; 1; 1; 1; 1; 1; 1; 1; 1; 1; 1; 1; 1; 1; 1; 0; 0; 0; 0; 0; 0; 0; 0; 0; 0; 0; 0; 6; 6; 6; 6; 6; 6; 6; 6; 0; 0; 0; 0; 0; 0; 0; 0; 0; 0; 0; 0; 0; 0; 0; 0; 0; 0; 0; 0; 0; 0; 0; 0; 0; 0; 0; 0; 0
0; 1; 1; 1; 1; 1; 1; 1; 1; 1; 1; 1; 1; 1; 1; 1; 1; 1; 1; 1; 1; 1; 1; 1; 1; 1; 0; 0; 0; 0; 0; 0; 0; 0; 0; 0; 6; 6; 6; 6; 6; 6; 6; 6; 6; 6; 0; 0; 0; 0; 0; 0; 0; 0; 0; 0; 0; 0; 0; 0; 0; 0; 0; 0; 0; 0; 0; 0; 0; 0; 0; 0; 0; 0
0; 1; 1; 1; 1; 1; 1; 1; 1; 1; 1; 1; 1; 1; 1; 1; 1; 1; 1; 1; 1; 1; 1; 1; 1; 1; 1; 0; 0; 0; 0; 0; 0; 0; 0; 0; 6; 6; 6; 6; 6; 6; 6; 6; 6; 6M; 6M; 6M; 0; 0; 0; 0; 0; 0; 0; 0; 0; 0; 0; 0; 0; 0; 0; 0; 0; 0; 0; 0; 0; 0; 0; 0; 0; 0
0; 1; 1; 1; 1; 1; 1; 1; 1; 1; 1; 1; 1; 1; 1; 1; 1; 1; 1; 1; 1; 1; 1; 1; 1; 1; 1; 1; 0; 0; 0; 0; 0; 0; 0; 0; 6; 6; 6; 6; 6; 6; 6; 6; 6; 6M; 6M; 6M; 6M; 0; 0; 0; 0; 0; 0; 0; 0; 0; 0; 0; 0; 0; 0; 0; 0; 0; 0; 0; 0; 0; 0; 0; 0; 0
0; 1; 1; 1; 1; 1; 1; 1; 1; 1; 1; 1; 1; 1; 1; 1; 1; 1; 1; 1; 1; 1; 1; 1; 1; 1; 1; 1; 1; 0; 0; 0; 0; 6M; 6; 6; 6; 6; 6; 6; 6; 6; 6; 6; 6; 6; 6M; 6; 6; 6; 6; 0; 0; 0; 6; 0; 0; 0; 0; 0; 0; 0; 0; 0; 0; 0; 0; 0; 0; 0; 0; 0; 0; 0
0; 1; 1; 1; 1; 1; 1; 1; 1; 1; 1; 1; 1; 1; 1; 1; 1; 1; 1; 1; 1; 1; 1; 1; 1; 1; 1; 1; 1; 0; 0; 0; 6M; 6M; 6M; 6; 6; 6; 6; 6; 6; 6; 6; 6; 6; 6; 6; 6; 6; 6; 6; 6; 6; 6; 6; 6; 0; 0; 0; 0; 0; 0; 0; 0; 0; 0; 0; 0; 0; 0; 0; 0; 0; 0
0; 1; 1; 1; 1; 1; 1; 1; 1; 1; 1; 1; 1; 1; 1; 1; 1; 1; 1; 1; 1; 1; 1; 1; 1; 1; 0; 1; 0; 0; 0; 6; 6M; 6M; 6M; 6M; 6; 6; 6; 6; 6; 6; 6; 6; 6; 6; 6; 6; 6; 6; 6; 6; 6; 6; 6; 6; 0; 0; 0; 0; 0; 0; 0; 0; 0; 0; 0; 0; 0; 0; 0; 0; 0; 0
0; 1; 1; 1; 1; 1; 1; 1; 1; 1; 1; 1; 1; 1; 1; 1; 1; 1; 1; 1; 1; 1; 1; 1; 1; 1; 0; 0; 0; 0; 6; 6; 6M; 6M; 6M; 6M; 6; 6; 6; 6; 6; 6; 6; 6; 6; 6; 6; 6; 6; 6; 6; 6; 6; 6; 6; 6; 0; 0; 0; 0; 0; 0; 0; 0; 0; 0; 0; 0; 0; 0; 0; 0; 0; 0
0; 1; 1; 1; 1; 1; 1; 1; 1; 1; 1; 1; 1; 1; 1; 1; 1; 1; 1; 1; 1; 1; 1; 1; 1; 1; 1; 0; 0; 6; 6; 6; 6; 6M; 6M; 6M; 6; 6; 6; 6; 6; 6; 6; 6; 6; 6; 6; 6; 6; 6; 6; 6; 6; 6; 6; 0; 0; 0; 0; 0; 0; 0; 0; 0; 0; 0; 0; 0; 0; 0; 0; 0; 0; 0
0; 1; 1; 1; 1; 1; 1; 1; 1; 1; 1; 1; 1; 1; 1; 1; 1; 1; 1M; 1; 1; 1; 1; 1; 1; 1; 0; 0; 0; 6; 6; 6; 6; 6; 6M; 6M; 6; 6; 6; 6; 6; 6; 6; 6; 6; 6; 6; 6; 6; 6; 6; 6; 6; 6; 6; 6; 0; 0; 0; 0; 0; 0; 0; 0; 0; 0; 0; 0; 0; 0; 0; 0; 0; 0
0; 1; 1; 1; 1; 1; 1; 1; 1; 1; 1; 1; 1; 1; 1; 1; 1; 1M; 1M; 1M; 1; 1; 1; 1; 1; 1; 0; 0; 0; 6; 6; 6; 6; 6; 6; 6; 6; 6; 6; 6; 6; 6; 6; 6; 6; 6; 6; 6; 6; 6; 6; 6; 6; 6; 6; 6; 6; 0; 0; 0; 0; 0; 0; 0; 0; 0; 0; 0; 0; 0; 0; 0; 0; 0
0; 1; 1; 1; 1; 1; 1; 1; 1; 1; 1; 1; 1; 1; 1M; 1; 1M; 1M; 1M; 1M; 1; 1; 1; 1; 1; 1; 1; 0; 0; 6; 6; 6; 6; 6M; 6M; 6; 6; 6; 6; 6; 6; 6; 6; 6; 6; 6; 6; 6; 6; 6; 6; 6; 6; 6; 6; 6; 6; 6; 0; 0; 0; 0; 0; 0; 0; 0; 0; 0; 0; 0; 0; 0; 0; 0
0; 1; 1; 1; 1; 1; 1; 1; 1; 1; 1; 1; 1; 1M; 1M; 1M; 1M; 1M; 1M; 1M; 1M; 1; 1; 1; 1; 1; 6; 6; 6; 6; 6; 6; 6M; 6; 6M; 6; 6; 6; 6; 6; 6; 6; 6; 6; 6; 6; 6; 6; 6; 6; 6; 6; 6; 6; 6; 6; 6; 6; 0; 0; 0; 0; 0; 0; 0; 0; 0; 0; 0; 0; 0; 0; 0; 0
0; 1; 1; 1; 1; 1; 1; 1; 1; 1; 1; 1; 1; 1M; 1M; 1M; 1M; 1M; 1M; 1M; 1M; 1; 1; 1; 6; 6; 6; 6; 6; 6; 6; 6; 6; 6M; 6M; 6; 6; 6; 6; 6; 6; 6; 6; 6; 6; 6; 6; 6; 6; 6; 6; 6; 6; 6; 6; 6; 6; 6; 0; 6; 0; 0; 0; 0; 0; 0; 0; 0; 0; 0; 0; 0; 0; 0
0; 1; 1; 1; 1; 1; 1; 1; 1; 1; 1; 1; 1; 1M; 1M; 1M; 1M; 1M; 1M; 1M; 1M; 1M; 1; 1; 6; 6; 6; 6; 6; 6; 6; 6; 6; 6; 6; 6; 6; 6; 6; 6; 6; 6; 6; 6; 6; 6; 6; 6; 6; 6; 6; 6; 6; 6; 6; 6; 6; 6; 6; 6; 6; 0; 0; 0; 0; 0; 0; 0; 0; 0; 0; 0; 0; 0
0; 1; 1; 1; 1; 1; 1; 1; 1; 1; 1; 1; 1; 1; 1M; 1M; 1M; 1M; 1M; 1M; 1M; 1M; 1; 0; 6; 6; 6; 6; 6; 6; 6; 6; 6; 6; 6; 6; 6; 6; 6; 6; 6; 6; 6; 6; 6; 6; 6; 6; 6; 6; 6; 6; 6; 6; 6; 6; 6; 6; 6; 6; 6; 0; 0; 0; 0; 0; 0; 0; 0; 0; 0; 0; 0; 0
0; 1; 1; 1; 1; 1; 1; 1; 1; 1; 1; 1; 1; 1M; 1M; 1M; 1M; 1M; 1M; 1M; 1M; 0; 0; 0; 6; 6; 6; 6; 6; 6; 6; 6; 6; 6; 6; 6; 6; 6; 6; 6; 6; 6; 6; 6; 6; 6; 6; 6; 6; 6; 6; 6; 6; 6; 6; 6; 6; 6; 6; 6; 6; 6; 0; 0; 0; 0; 0; 0; 0; 0; 0; 0; 0; 0
0; 1; 1; 1; 1; 1; 1; 1; 1; 1; 1; 1; 1; 1; 1M; 1M; 1M; 1M; 1M; 1M; 1M; 1M; 0; 0; 0; 6; 6; 6; 6; 6; 6; 6; 6; 6; 6; 6; 6; 6; 6; 6; 6; 6; 6; 6; 6; 6; 6; 6; 6; 6; 6; 6; 6; 6; 6; 6; 6; 6; 6; 6; 6; 6; 6; 0; 0; 0; 0; 0; 0; 0; 0; 0; 0; 0
0; 1; 1; 1; 1; 1; 1; 1; 1; 1; 1; 1; 1; 1; 1; 1M; 1M; 1M; 1; 1M; 1M; 1M; 1; 0; 0; 6; 6; 6; 3; 6; 6; 6; 6; 6; 6; 6; 6; 6; 6; 6; 6; 6; 6; 6; 6; 6; 6; 6; 6; 6; 6; 6; 6; 6; 6; 6; 6; 6; 6; 6; 6; 6; 6; 0; 0; 0; 0; 0; 0; 0; 0; 0; 0; 0
0; 1; 1; 1; 1; 1; 1; 1; 1; 1; 1; 1; 1; 1; 1; 1; 1M; 1; 1; 1; 1; 1; 1; 0; 0; 0; 6; 3; 3; 3; 6; 6; 6; 6; 6; 6; 6; 6; 6; 6; 6; 6; 6; 6; 6; 6; 6; 6; 6; 6; 6; 6; 6; 6; 6; 6; 6; 6; 6; 6; 6; 6; 6; 0; 0; 0; 0; 0; 0; 0; 0; 0; 0; 0
0; 1; 1; 1; 1; 1; 1; 1; 1; 1; 1; 1; 1; 1; 1; 1; 1; 1; 1; 1; 1; 1; 1; 0; 0; 3; 3M; 3; 3; 3; 6; 6; 6; 6; 6; 6; 6; 6; 6; 6; 6; 6; 6; 6; 6; 6; 6; 6; 6; 6; 6; 6; 6; 6; 6; 6; 6; 6; 6; 6; 6; 6; 6; 6; 6; 6; 0; 6; 0; 0; 0; 0; 0; 0
0; 1; 1; 1; 1; 1; 1; 1; 1; 1; 1; 1; 1; 1; 1; 1; 1; 1; 1; 1; 1; 1; 1; 1; 3M; 3M; 3M; 3M; 3; 3; 3; 6; 6; 6; 6; 6; 6; 3; 6; 6; 6; 6; 6; 6; 6; 6; 6; 6; 6; 6; 6; 6; 6; 6; 6; 6; 6; 6; 6; 6; 6; 6; 6; 6; 6; 6; 6; 6; 6; 0; 0; 0; 0; 0
0; 1; 1; 1; 1; 1; 1; 1; 1; 1; 1; 1; 1; 1; 1; 1; 1; 1; 1; 1; 1; 1; 1; 1M; 1M; 3M; 3M; 3M; 3; 3; 3; 3; 3; 6; 6; 6; 3; 3; 3; 6; 6; 6; 6; 6; 6; 6; 6; 6; 6; 6; 6; 6; 6; 6; 6; 6; 6; 6; 6; 6; 6; 6; 6; 6; 6; 6; 6; 6; 6; 6; 0; 0; 0; 0
0; 1; 1; 1; 1; 1; 1; 1; 1; 1; 1; 1; 1; 1; 1; 1; 1; 1; 1; 1P; 1; 1; 1; 1M; 1M; 1M; 3M; 3M; 3M; 3; 3; 3; 3; 3; 3; 6; 3; 3; 3; 6; 6; 6; 6; 6; 6; 6; 6; 6; 6; 6; 6; 6; 6; 6; 6; 6; 6; 6; 6; 6; 6; 6; 6; 6; 6; 6; 6; 6; 6; 6; 6; 0; 0; 0
0; 0; 1; 1; 1; 1; 1; 1; 1; 1; 1; 1; 1; 1; 1; 1; 1; 1; 1; 1; 1; 1; 1; 1M; 1M; 1M; 3M; 3M; 3; 3; 3; 3; 3; 3; 3; 3; 3; 3; 3; 6; 6; 6; 6; 6; 6; 6; 6; 6; 6; 6; 6; 6; 6; 6; 6; 6; 6; 6; 6; 6; 6; 6; 6; 6; 6; 6; 6; 6; 6; 6; 6; 6; 0; 0
0; 0; 0; 1; 1; 1; 1; 1; 1; 1; 1; 1; 1; 1; 1; 1; 1; 1; 1; 1; 1; 1; 3; 1; 1; 1; 1; 3; 3; 3; 3; 3; 3; 3; 3; 3; 3; 3; 3; 3; 3; 6; 6; 6; 6; 6; 6; 6; 6; 6; 6; 6; 6; 6; 6; 6; 6; 6; 6; 6; 6; 6; 6; 4; 6; 6; 6; 6; 6; 6; 6; 6; 6; 0
0; 0; 0; 0; 1; 1; 1; 1; 1; 1; 1; 1M; 1M; 1; 1; 1; 1; 1; 1; 1; 1; 1; 3; 3P; 1; 1; 3; 3; 3; 3; 3; 3; 3; 3; 3; 3; 3; 3; 3; 3; 3; 3; 6; 6; 6; 6; 6; 6; 6; 6; 6; 6; 4; 6; 6; 6; 4; 6; 6; 6; 6; 6; 4; 4; 4; 4; 6; 6; 4; 4; 6; 6; 0; 0
0; 0; 0; 0; 0; 1; 1; 1; 1; 1; 1M; 1M; 1M; 1M; 1; 1; 1; 1; 1; 1; 1; 1; 1; 3; 3; 3; 3; 3; 3; 3; 3; 3; 3; 3; 3; 3; 3; 3; 3; 3; 3; 6; 6; 6; 6; 6; 6; 6; 6; 6; 6; 4; 4; 4; 6; 4; 4; 4; 6; 6; 6; 4; 4; 4; 4; 4; 4; 4; 4; 4; 4; 0; 0; 0
0; 0; 0; 0; 0; 0; 1; 1; 1; 1M; 1M; 1M; 1M; 1M; 1; 1; 1; 1; 1; 1; 1; 1; 3; 3; 3; 3; 3; 3; 3; 3; 3; 3; 3; 3; 3; 3; 3; 3; 3; 3; 6; 6; 6; 6; 6; 6; 6; 6; 6; 6; 6; 4; 4; 4; 4; 4; 4; 4; 4; 4; 4; 4; 4; 4; 4; 4; 4; 4; 4; 4; 0; 0; 0; 0
0; 0; 0; 0; 0; 3; 3; 3; 1M; 1M; 1M; 1M; 1M; 1M; 1; 1; 1; 1; 1; 1; 1; 3; 3; 3; 3; 3; 3; 3; 3; 3; 3; 3; 3; 3; 3; 3; 3; 3; 3; 3; 6; 6; 6; 6; 6; 6; 6; 6; 6; 6; 6; 4; 4; 4; 0; 4; 4; 4; 4; 4; 4; 4; 4; 4; 4; 4; 4; 4; 4; 0; 0; 0; 0; 0
0; 0; 0; 0; 3; 3; 3; 3; 3; 1M; 1M; 1M; 1M; 1; 1; 1; 1; 1; 1; 1; 1; 1; 3; 3; 3; 3; 3; 3; 3; 3; 3; 3; 3; 3; 3; 3; 3; 3; 3; 3; 6; 6; 6; 6; 6; 6; 6; 6; 4; 6; 6; 4; 4; 4; 4; 4; 4; 4; 4; 4; 4; 4; 4; 4; 4; 4; 4; 4; 4; 0; 0; 0; 0; 0
0; 0; 0; 0; 3; 3; 3; 3; 3; 3; 1; 1; 3; 3; 1; 3; 3; 1M; 3M; 1; 1; 3; 3; 3; 3; 3; 3; 3; 3; 3; 3; 3; 3; 3; 3; 3; 3; 3; 3; 3; 6; 6; 6; 6; 4; 4; 4; 4; 4; 4; 4; 4; 4; 4; 4; 4; 4; 4; 4; 4; 4; 4; 4; 4; 4; 4; 4; 4; 0; 4; 0; 0; 0; 0
0; 0; 0; 0; 3; 3; 3; 3; 3; 3; 3; 3; 3; 3; 3; 3; 3M; 3M; 3M; 3M; 3M; 3M; 3; 3; 3; 3; 3; 3; 3; 3; 3; 3; 3; 3; 3; 3; 3; 3; 3; 3; 6; 6; 6; 4; 4; 4; 4; 4; 4P; 4; 4; 4; 4; 4; 4; 4; 4; 4; 4; 4; 4; 4; 4; 4; 4; 4; 4; 4; 4; 4; 4; 4; 4; 0
0; 0; 0; 0; 0; 3; 3; 3; 3; 3; 3; 3; 3; 3; 3; 3; 3; 3M; 3M; 3M; 3M; 3M; 3M; 3; 3; 3; 3; 3; 3; 3; 3; 3; 3; 3; 3; 3; 3; 3; 3; 3; 6; 6; 6; 4; 4; 4; 4; 4; 4; 4; 4; 4; 4; 4; 4; 4; 4; 4; 4; 4; 4; 4; 4; 4; 4; 4; 4; 4; 4; 4; 4P; 4; 4; 0
0; 0; 0; 0; 0; 0; 3; 3; 3; 3; 3; 3; 3; 3; 3; 3; 3; 3; 3M; 3M; 3M; 3M; 3M; 3M; 3M; 3; 3; 3; 3; 3; 3; 3; 3; 3; 3; 3; 3; 3; 3; 3; 3; 6; 6; 6; 4; 0; 4; 4; 4; 4; 4; 4; 4; 4; 4; 4; 4; 4; 4; 4; 4; 4; 4; 4; 4; 4; 4; 4; 4; 4; 4; 4; 4; 0
0; 0; 0; 3; 3; 3; 3; 3; 3; 3; 3; 3; 3; 3; 3; 3; 3; 3M; 3M; 3M; 3M; 3M; 3M; 3M; 3M; 3; 3; 3; 3; 3; 3; 3; 3; 3; 3; 3; 3; 3; 3; 3; 6; 6; 6; 6; 0; 0; 4; 4; 4; 4P; 4; 4; 4; 4; 4; 4; 4; 4; 4; 4; 4; 4; 4; 4; 4; 4; 4; 4; 4; 4; 4; 4; 4; 0
0; 0; 3; 3; 3; 3; 3; 3; 3; 3; 3; 3; 3; 3; 3; 3; 3M; 3M; 3M; 3M; 3M; 3M; 3M; 3M; 3; 3; 3; 3; 3; 3; 3; 3; 3; 3; 3; 3; 3; 0; 0; 6; 6; 6; 6; 6; 0; 4; 4; 4; 4; 4; 4; 4; 4; 4; 4; 4; 4; 4; 4; 4; 4; 4; 4; 4; 4; 4; 4; 4; 4; 4; 4; 4; 4; 0
0; 0; 3; 3; 3; 3; 3; 3; 3; 3; 3; 3; 3; 3; 3; 3; 3M; 3M; 3M; 3M; 3M; 3M; 3M; 3M; 3; 3; 3; 3; 3; 3; 3; 3; 3; 3; 3; 3; 3; 0; 0; 0; 2; 6; 6; 6; 0; 4; 4; 4; 4; 4; 4; 4; 4; 4; 4; 4; 4; 4; 4; 4; 4; 4; 4; 4; 4; 4; 4; 4; 4; 4; 4; 4; 4; 0
0; 3; 3; 3; 3; 3; 3; 3; 3; 3; 3; 3; 3; 3; 3; 3; 3; 3M; 3; 3M; 3M; 3M; 3M; 3M; 3M; 3; 3; 3; 3; 3; 3; 3; 3; 3; 3; 3; 0; 0; 0; 2; 2; 2; 2; 0; 0; 4; 4; 4; 4; 4; 4; 4; 4; 4; 4; 4; 4; 4; 4; 4; 4; 4; 4; 4; 4; 4; 4; 4; 4; 4; 4; 4; 4; 0
0; 3; 3; 3; 3; 3; 3; 3; 3; 3; 3; 3; 3; 3; 3; 3; 3; 3; 3; 3; 3M; 3M; 3M; 3M; 3; 3; 3; 3; 3; 3; 3; 3; 3; 3; 3; 3; 0; 0; 0; 2; 2; 2; 2; 2; 2; 2; 4; 2; 4; 4; 4; 4; 4; 4; 4; 4; 4; 4; 4; 4; 4; 4; 4; 4; 4; 4; 4; 4; 4; 4; 4; 4; 4; 0
0; 3; 3; 3; 3; 3; 3; 3; 3; 3; 3; 3; 3; 3; 3; 3; 3; 3; 3; 3; 3; 3; 3; 3; 3; 3; 3; 3; 3; 3; 3; 3; 3; 2; 2; 2; 0; 0; 0; 2; 2; 2; 2; 2; 2; 2P; 2; 2; 2; 4; 4; 4; 4P; 4; 4; 4; 4; 4; 4; 4; 4; 4; 4; 4; 4; 4; 4; 4; 4; 4; 4; 4; 4; 0
0; 3; 3; 3; 3; 3; 3; 3; 3; 3; 3; 3; 3; 3; 3; 3; 3; 3; 3; 3; 3; 3; 3; 3; 3; 3; 3; 3; 2; 3; 3; 2; 2; 2; 2; 2; 2; 2; 2; 2; 2; 2; 2; 2; 2; 2; 2; 2; 2; 4; 4; 4; 4; 4; 4; 4; 4; 4; 4; 4; 4; 4; 4; 4; 4; 4; 4; 4; 4; 4; 4; 4; 4; 0
0; 5; 5; 3; 3; 3; 3; 3; 3; 3; 3; 3; 3; 3; 3; 3; 3; 3; 3; 3; 3; 3; 3; 3; 3; 3; 3; 2M; 2M; 2; 2; 2; 2; 2; 2; 2; 2; 2; 2; 2; 2; 2; 2; 2; 2; 2; 2; 2; 2; 2; 4; 4; 4; 4; 4; 4; 4; 4; 4; 4; 4; 4; 4; 4; 4; 4; 4; 4; 4; 4; 4; 4; 4; 0
0; 5; 5; 5; 3; 3; 3; 3; 3; 3; 3; 3; 3; 3; 3; 3; 3; 3; 3; 3; 3; 3; 3; 3; 3; 3M; 3M; 2M; 2M; 2M; 2M; 2; 2; 2; 2; 2; 2; 2; 2; 2; 2; 2; 2; 2; 2; 2; 2; 2; 2; 2; 2; 4; 4; 4; 4; 4; 4; 4; 4; 4; 4; 4; 4; 4; 4; 4; 4; 4; 4; 4; 4; 4; 4; 0
0; 5; 5; 5; 5; 3; 3; 3; 3; 3; 3; 3; 3; 3; 3; 3; 3; 3; 3; 3; 3; 3; 3; 3; 3M; 3M; 3M; 2M; 2M; 2M; 2M; 2M; 2; 2; 2; 2; 2; 2; 2; 2; 2; 2; 2; 2; 2; 2; 2; 2; 2; 2; 2; 4; 4; 4; 4; 4; 4; 4; 4; 4; 4; 4; 4; 4; 4; 4; 4; 4; 4; 4; 4; 4; 4; 0
0; 5; 5; 5; 5; 3; 0; 3; 3; 3; 3; 3; 3; 3; 3; 3; 3; 3; 3; 3; 3; 3; 3; 3; 3M; 3M; 3M; 3M; 2M; 2M; 2M; 2M; 2M; 2; 2; 2; 2; 2; 2; 2; 2; 2; 2; 2; 2; 2; 2; 2; 2; 2; 2; 4; 4; 4; 4; 4; 4; 4; 4; 4; 4; 4P; 4; 4; 4; 4; 4; 4; 4; 4; 4; 4; 4; 0
0; 5; 5; 5; 3; 3; 3; 3; 3; 3; 3; 3; 3; 3; 3; 3; 3; 3; 3; 3; 3; 3; 3; 3; 3M; 3M; 2M; 2M; 2M; 2M; 2M; 2M; 2; 2; 2; 2; 2; 2; 2; 2; 2; 2; 2; 2; 2; 2; 2; 2; 2; 2; 2; 2; 2; 4; 4; 4; 4; 4; 4; 4; 4; 4; 4; 4; 4; 4; 4; 4; 4; 4; 4; 4; 4; 0
0; 5; 5; 3; 3; 3; 3; 3; 3; 3; 3; 3; 3; 3; 3; 3; 3; 3; 3; 3; 3; 3; 3; 3; 3; 2M; 2M; 2M; 2M; 2M; 2M; 2; 2; 2; 2; 2; 2; 2; 2; 2; 2; 2; 2; 2; 2; 2; 2; 2; 2; 2; 2; 2; 2; 2; 4; 4; 4; 4; 4; 4; 4; 4; 4; 4; 4; 4; 4; 4; 4; 4; 4; 4; 4; 0
0; 5; 5; 5; 3; 3; 3; 3; 3; 3; 3; 3; 3; 3; 3; 3; 3; 3; 3; 3; 3; 3; 3; 3; 2; 2; 2; 2; 2M; 2M; 2; 2; 2; 2; 2P; 2; 2P; 2; 2; 2; 2; 2; 2; 2; 2; 2; 2; 2; 2; 2; 2; 2; 2; 2; 2; 4; 4; 4; 4; 4; 4; 4; 4; 4; 4; 4; 4; 4; 4; 4; 4; 4; 4; 0
0; 5; 5; 3; 3; 3; 3; 3; 3; 3; 3; 3; 3; 3; 3; 3; 3; 3; 3; 3; 3; 3; 3; 2; 2; 2; 2; 2; 2; 2; 2; 2; 2; 2; 2; 2; 2; 2; 2; 2; 2; 2; 2; 2; 2; 2; 2; 2; 2; 2; 2; 2; 2P; 2; 2; 4; 4; 4; 4; 4; 4; 4; 4; 4; 4; 4; 4; 4; 4; 4; 4; 4; 4; 0
0; 5; 3; 3; 3; 3; 3; 3; 3; 3; 3; 3; 3; 3; 3; 3; 3; 3; 3; 3; 3; 3; 3; 2; 2; 2; 2; 2; 2; 2; 2; 2; 2; 2; 2; 2; 2; 2; 2; 2; 2; 2; 2; 2; 2; 2; 2; 2; 2; 2; 2; 2; 2; 2; 2; 4; 4; 4; 4; 4; 4; 4; 4; 4; 4; 4; 4; 4; 4; 4; 4; 4; 4; 0
0; 5; 3; 3; 3; 3; 3; 3; 3; 3; 3; 3; 3; 3; 3; 3; 3; 3; 3; 3; 2; 2; 2; 2; 2; 2; 2; 2; 2; 2; 2; 2; 2; 2; 2; 2; 2; 2; 2; 2; 2; 2; 2; 2; 2; 2; 2; 2; 2; 2; 2; 2; 2; 2; 4; 4; 4; 4; 4; 4; 4; 4; 4; 4; 4; 4; 4; 4; 4; 4; 4; 4; 4; 0
0; 5; 5; 3; 3; 0; 3; 3; 3; 3; 3; 3; 3; 3; 3; 3; 3; 3; 3; 2; 2; 2; 2; 2; 2; 2; 2; 2; 2; 2; 2; 2; 2; 2; 2; 2; 2; 2; 2; 2; 2; 2; 2; 2; 2; 2; 2; 2; 2; 2; 2; 2; 2P; 4; 4; 4; 4; 4; 4; 4; 4; 4; 4; 4; 4; 4; 4; 4; 4; 4; 4; 4; 4; 0
0; 5; 5; 5; 5; 3; 3; 3; 3; 3; 3; 3; 3; 3; 3; 3; 3; 3; 3; 2; 2; 2; 2; 2; 2; 2; 2; 2; 2; 2; 2; 2; 2; 2; 2; 2; 2; 2; 2; 2; 2; 2; 2; 2; 2; 2; 2; 2; 2; 2; 2; 2; 2; 4; 4; 4; 4; 4; 4; 4; 4; 4; 4; 4; 4; 4; 4; 4; 4; 4; 4; 4; 4; 0
0; 5; 5; 5; 3; 3; 3; 3; 3; 3; 3; 3; 3P; 3; 3; 3; 3; 3; 3; 3; 2; 2; 2; 2; 2; 2; 2; 2; 2; 2; 2; 2; 2; 2; 2; 2; 2; 2; 2; 2; 2; 2; 2; 2; 2; 2; 2; 2; 2; 2; 2; 2; 4; 4; 4; 4; 4; 4; 4; 4; 4; 4; 4; 4; 4; 4; 4; 4; 4; 4; 4; 4; 4; 0
0; 5; 5; 5; 5; 3; 3; 3; 3; 3; 3; 3; 3; 3; 3; 3; 3; 3; 3; 3; 2; 2; 2; 2; 2; 2; 2; 2; 2; 2; 2; 2; 2; 2; 2; 2; 2; 2; 2; 2; 2; 2; 2; 2; 2; 2; 2; 2; 2; 2; 2; 2; 4; 4; 4; 4; 4; 4; 4; 4; 4; 4; 4; 4; 4; 4; 4; 4; 4; 4; 4; 4; 4; 0
0; 5; 5; 5; 3; 3; 3; 3; 3; 3; 3; 3; 3; 3; 3; 3; 3; 3; 3; 2; 2; 2; 2; 2; 2; 2; 2; 2; 2; 2; 2; 2; 2; 2; 2; 2; 2; 2; 2; 2; 2; 2; 2; 2; 2; 2; 2; 2; 2; 2; 2; 2; 2; 4; 4; 4; 4; 4; 4; 4; 4; 4; 4; 4; 4; 4; 4; 4; 4; 4; 4; 4; 4; 0
0; 5; 5; 3; 3; 3; 3; 3; 5; 3; 3; 3; 3; 3; 3; 3; 3; 3; 3; 2; 2; 2; 2; 2; 2; 2; 2; 2; 2; 2; 2; 2; 2; 2; 2; 2; 2; 2; 2; 2; 2; 2; 2; 2; 2; 2; 2; 2; 2; 2; 2; 2; 2; 2; 2; 4; 4; 4; 4; 4; 4; 4; 4; 4; 4; 4; 4; 4; 4; 4; 4; 4; 4; 0
0; 5; 5; 5; 3; 3; 3; 3; 5; 5; 3; 5; 3; 3; 5; 5; 3; 3; 2; 2; 2; 2; 2; 2; 2; 2; 2; 2; 2; 2; 2; 2; 2M; 2; 2; 2; 2; 2; 2; 2; 2; 2; 2; 2; 2; 2; 2; 2; 2; 2; 2; 2; 2; 2; 2; 2; 4; 4; 4; 4; 4; 4; 4; 4; 4; 4; 4; 4; 4; 4; 4; 4; 4; 0
0; 5; 5; 5; 5; 3; 3; 5; 5; 5; 5; 5; 5; 5; 5; 5; 5; 3; 2; 2; 2; 2; 2; 2; 2; 2; 2M; 2M; 2; 2; 2; 2M; 2M; 2M; 2; 2; 2; 2; 2; 2; 2; 2; 2; 2; 2; 2; 2; 2; 2; 2; 2; 2; 2; 2; 2; 2; 4; 4; 4; 4; 4; 4; 4; 4; 4; 4; 4; 4; 4; 4; 4; 4; 4; 0
0; 5; 5; 5; 5; 5; 5; 5; 5; 5; 5; 5; 5; 5; 5; 5; 5; 2; 2; 2; 2; 2; 2; 2; 2; 2M; 2M; 2M; 2M; 2; 2; 2M; 2M; 2M; 2; 2; 2; 2; 2; 2; 2; 2; 2; 2; 2; 2; 2; 2; 2; 2; 2; 2; 2; 2; 2; 4; 4; 4; 4; 4; 4; 4; 4; 4; 4; 4; 4; 4; 4; 4; 4; 4; 4; 0
0; 5M; 5; 5M; 5; 5; 5; 5; 5; 5; 5; 5; 5; 5; 5; 5; 5; 5; 2; 2; 2; 2; 2; 2; 2M; 2M; 2M; 2M; 2M; 2M; 2M; 2M; 2M; 2M; 2; 2; 2; 2; 2; 2; 2; 2; 2; 2; 2; 2; 2; 2; 2; 2; 2; 2; 2; 2; 2; 4; 4; 4; 4; 4; 4; 4; 4; 4; 4; 4; 4; 4; 4; 4; 4; 4; 4; 0
0; 5M; 5M; 5M; 5M; 5; 5; 5; 5; 5; 5; 5; 5; 5; 5; 5; 5; 5; 5; 2; 2; 2; 2; 2; 2; 2M; 2M; 2M; 2M; 2M; 2M; 2M; 2M; 2M; 2; 2; 2; 2; 2; 2; 2; 2; 2; 2; 2; 2; 2; 2; 2; 2; 2; 2; 2; 2; 2; 4; 4; 4; 4; 4; 4; 4; 4; 4; 4; 4; 4; 4; 4; 4; 4; 4; 4; 0
0; 5M; 5M; 5M; 5M; 5M; 5; 5; 5; 5; 5; 5; 5; 5; 5; 5; 5; 5; 5; 5; 5; 2; 2; 2; 2; 2; 2M; 2M; 2M; 2M; 2M; 2M; 2M; 2M; 2; 2; 2; 2; 2; 2; 2; 2; 2; 2; 2; 2; 2; 2; 2; 2; 2; 2; 2; 2; 2; 4; 4; 4; 4; 4; 4; 4; 4; 4; 4; 4; 4; 4; 4; 4; 4; 4; 4; 0
0; 5M; 5M; 5M; 5M; 5; 5; 5; 5; 5; 5; 5; 5; 5; 5; 5; 5; 5; 5; 5; 2; 2; 2; 2; 2; 2; 2; 2M; 2M; 2M; 2M; 2; 2M; 2; 2; 2; 2; 2; 2; 2; 2; 2; 2; 2; 2; 2; 2; 2; 2; 2; 2; 2; 2; 2; 2; 2; 2; 4; 4; 4; 4; 4; 4; 4; 4; 4; 4; 4; 4; 4; 4; 4; 4; 0
0; 5M; 5M; 5M; 5; 5; 5; 5; 5; 5; 5; 5; 5; 5; 5; 5; 5; 5; 5; 5; 5; 2; 2; 2; 2; 2; 2; 2; 2; 2M; 2M; 2; 2; 2; 2; 2; 2; 2; 2; 2; 2; 2; 2; 2; 2; 2; 2; 2; 2; 2; 2; 2; 2; 2; 2; 2; 2; 2; 4; 4; 4; 4; 4; 4; 4; 4; 4; 4; 4; 4; 4; 4; 4; 0
0; 5M; 5M; 5M; 5; 5; 5; 5; 5; 5; 5; 5; 5; 5; 5; 5; 5; 5; 5; 5; 5; 5; 2; 2; 2; 2; 2; 2; 2; 2; 2; 2; 2; 2; 2; 2; 2; 2; 2; 2; 2; 2; 2; 2; 2; 2; 2; 2; 2; 2; 2; 2; 2; 2; 2; 2; 2; 4; 4; 4; 4; 4; 4; 4; 4; 4; 4; 4; 4; 4; 4; 4; 4; 0
0; 0; 0; 0; 0; 0; 0; 0; 0; 0; 0; 0; 0; 0; 0; 0; 0; 0; 0; 0; 0; 0; 0; 0; 0; 0; 0; 0; 0; 0; 0; 0; 0; 0; 0; 0; 0; 0; 0; 0; 0; 0; 0; 0; 0; 0; 0; 0; 0; 0; 0; 0; 0; 0; 0; 0; 0; 0; 0; 0; 0; 0; 0; 0; 0; 0; 0; 0; 0; 0; 0; 0; 0; 0
