64 64
13
16
7
15 24
0; 0; 0; 0; 0; 0; 0; 0; 0; 0; 0; 0; 0; 0; 0; 0; 0; 0; 0; 0; 0; 0; 0; 0; 0; 0; 0; 0; 0; 0; 0; 0; 0; 0; 0; 0; 0; 0; 0; 0; 0; 0; 0; 0; 0; 0; 0; 0; 0; 0; 0; 0; 0; 0; 0; 0; 0; 0; 0; 0; 0; 0; 0; 0
0; 1M; 1M; 1; 1; 1; 1; 1; 1; 1; 1; 1; 1; 1; 1; 1; 1; 1; 1; 1; 1; 1; 1; 1; 1; 1; 1; 0; 0; 0; 0; 0; 0; 0; 0; 0; 0; 0; 0; 0; 0; 0; 0; 0; 0; 0; 0; 0; 0; 0; 0; 0; 0; 0; 0; 0; 0; 0; 0; 0; 0; 0; 0; 0
0; 1M; 1; 1; 1; 1; 1; 1; 1; 1; 1; 1; 1; 1; 1; 1; 1; 1; 1; 1; 1; 1; 1; 1; 1; 1; 1; 0; 0; 0; 0; 0; 0; 0; 0; 0; 0; 0; 0; 0; 0; 0; 0; 0; 0; 0; 0; 0; 0; 0; 0; 0; 0; 0; 0; 0; 0; 0; 0; 0; 0; 0; 0; 0
0; 1; 1; 1; 1; 1; 1; 1; 1; 1; 1; 1; 1; 1; 1; 1; 1; 1; 1; 1; 1; 1; 1; 1; 1; 1; 1; 0; 1; 0; 0; 0; 0; 0; 0; 0; 0; 0; 0; 0; 0; 0; 0; 0; 0; 0; 0; 0; 0; 0; 0; 0; 0; 0; 0; 0; 0; 0; 0; 0; 0; 0; 0; 0
0; 1; 1; 1; 1; 1; 1; 1; 1; 1; 1; 1; 1; 1; 1; 1; 1; 1; 1; 1; 1; 1; 1; 1; 1; 1; 1; 1; 1; 1; 0; 0; 0; 0; 0; 0; 0; 0; 0; 0; 0; 0; 0; 0; 0; 0; 0; 0; 0; 0; 0; 0; 0; 0; 0; 0; 0; 0; 0; 0; 0; 0; 0; 0
0; 1; 1; 1; 1; 1; 1; 1; 1; 1; 1; 1; 1; 1; 1; 1; 1; 1; 1; 1; 1; 1; 1; 1; 1; 1; 1; 1; 1; 1; 0; 0; 0; 0; 0; 0; 0; 0; 0; 0; 0; 0; 0; 0; 0; 0; 0; 0; 0; 0; 0; 0; 0; 0; 0; 0; 0; 0; 0; 0; 0; 0; 0; 0
0; 1; 1; 1; 1; 1; 1; 1; 1; 1; 1; 1; 1; 1; 1; 1; 1; 1; 1; 1; 1; 1; 1; 1; 1; 1; 1; 1; 1; 1; 0; 0; 0; 0; 0; 0; 0; 0; 0; 0; 0; 0; 0; 0; 0; 0; 0; 0; 0; 0; 0; 0; 0; 0; 0; 0; 0; 0; 0; 0; 0; 0; 0; 0
0; 1; 1; 1; 1; 1; 1; 1; 1; 1; 1; 1; 1; 1; 1; 1; 1; 1; 1; 1; 1; 1; 1; 1; 1; 1; 1; 1; 1; 1; 1; 0; 0; 0; 0; 0; 0; 0; 0; 0; 0; 0; 0; 0; 0; 0; 0; 0; 0; 0; 0; 0; 0; 0; 0; 0; 0; 0; 0; 0; 0; 0; 0; 0
0; 1; 1; 1; 1; 1; 1; 1; 1; 1; 1; 1; 1; 1; 1; 1; 1; 1; 1; 1; 1; 1; 1; 1; 1; 1; 1; 1; 1; 1; 0; 0; 0; 0; 0; 0; 0; 0; 0; 0; 0; 0; 0; 0; 0; 0; 0; 0; 0; 0; 0; 0; 0; 0; 0; 0; 0; 0; 0; 0; 0; 0; 0; 0
0; 1; 1; 1; 1; 1; 1; 1; 1; 1; 1; 1; 1; 1; 1; 1; 1; 1; 1; 1; 1; 1; 1; 1; 1; 1; 1; 1; 1; 1; 1; 0; 0; 0; 0; 0; 0; 0; 0; 0; 0; 0; 0; 0; 0; 0; 0; 0; 0; 0; 0; 0; 0; 0; 0; 0; 0; 0; 0; 0; 0; 0; 0; 0
0; 1; 1; 1; 1; 1; 1; 1; 1; 1; 1; 1; 1; 1; 1; 1; 1; 1; 1; 1; 1; 1; 1; 1; 1; 1; 1; 1; 1; 1; 1; 0; 0; 0; 0; 0; 0; 0; 0; 0; 0; 0; 0; 0; 0; 0; 0; 0; 0; 0; 0; 0; 0; 0; 0; 0; 0; 0; 0; 0; 0; 0; 0; 0
0; 1; 1; 1; 1; 1; 1; 1; 1; 1; 1; 1; 1; 1; 1; 1; 1; 1; 1; 1; 1; 1; 1; 1; 1; 1; 1; 1; 1; 1; 0; 0; 0; 0; 0; 0; 0; 0; 0; 0; 0; 0; 0; 0; 0; 0; 0; 0; 0; 0; 0; 0; 0; 0; 0; 0; 0; 0; 0; 0; 0; 0; 0; 0
0; 1; 1; 1; 1; 1; 1; 1; 1; 1; 1; 1; 1; 1; 1; 1; 1; 1; 1; 1; 1; 1; 1; 1; 1; 1; 0; 1; 0; 0; 0; 0; 0; 0; 0; 0; 0; 0; 0; 0; 0; 0; 0; 0; 0; 0; 0; 0; 0; 0; 0; 0; 0; 0; 0; 0; 0; 0; 0; 0; 0; 0; 0; 0
0; 1; 1; 1; 1; 1; 1; 1; 1; 1; 1; 1; 1; 1; 1; 1; 1; 1; 1; 1; 1; 1; 1; 1; 1; 1; 0; 0; 0; 0; 0; 0; 0; 0; 0; 0; 0; 0; 0; 0; 0; 0; 0; 0; 0; 0; 0; 0; 0; 0; 0; 0; 0; 0; 0; 0; 0; 0; 0; 0; 0; 0; 0; 0
0; 1; 1; 1; 1; 1; 1; 1; 1; 1; 1; 1; 1; 1; 1; 1; 1; 1; 1; 1; 1; 1; 1; 1; 1P; 1; 0; 0; 0; 0; 0; 0; 0; 0; 0; 0; 0; 0; 0; 0; 0; 0; 0; 0; 0; 0; 0; 0; 0; 0; 0; 0; 0; 0; 0; 0; 0; 0; 0; 0; 0; 0; 0; 0
0; 1; 1; 1; 1; 1; 1; 1; 1; 1; 1; 1; 1; 1; 1; 1; 1; 1; 1; 1; 1; 1; 1; 1; 1; 1; 1; 0; 0; 0; 0; 0; 0; 0; 0; 0; 0; 0; 0; 0; 0; 0; 0; 0; 0; 0; 0; 0; 0; 0; 0; 0; 0; 0; 0; 0; 0; 0; 0; 0; 0; 0; 0; 0
0; 1; 1; 1; 1; 1; 1; 1; 1; 1; 1; 1; 1; 1; 1; 1; 1; 1; 1; 1; 1; 1; 1; 1; 1; 1; 1; 1; 0; 0; 0; 0; 0; 0; 0; 0; 4; 4; 4; 0; 0; 0; 0; 0; 0; 0; 0; 0; 0; 0; 0; 0; 0; 0; 0; 0; 0; 0; 0; 0; 0; 0; 0; 0
0; 1; 1; 1; 1; 1; 1; 1; 1; 1; 1; 1; 1; 1; 1; 1; 1; 1; 1; 1; 1; 1; 1; 1; 1; 1; 1; 1; 0; 0; 0; 4; 4; 4; 4; 4; 4; 4; 4; 4P; 0; 0; 0; 0; 0; 0; 0; 0; 0; 0; 0; 0; 0; 0; 0; 0; 0; 0; 0; 0; 0; 0; 0; 0
0; 1; 1; 1; 1; 1; 1; 1; 1; 1; 1; 1; 1; 1; 1; 1; 1; 1; 1; 1; 1; 1; 1; 1; 1; 0; 1; 0; 0; 0; 4; 4; 4; 4; 4; 4; 4; 4; 4; 4; 4; 0; 0; 0; 0; 0; 0; 0; 0; 0; 0; 0; 0; 0; 0; 0; 0; 0; 0; 0; 0; 0; 0; 0
0; 1; 1; 1; 1; 1; 1; 1; 1; 1; 1; 1; 1; 1; 1; 1; 1; 1; 1; 1; 1; 1; 1; 1; 1; 0; 0; 0; 0; 4; 4; 4; 4; 4; 4; 4; 4; 4; 4; 4; 4; 4; 0; 0; 0; 0; 0; 0; 0; 0; 0; 0; 0; 0; 0; 0; 0; 0; 0; 0; 0; 0; 0; 0
0; 1; 1; 1; 1; 1; 1; 1M; 1M; 1; 1; 1; 1; 1; 1; 1; 1; 1; 1; 1; 1; 1; 1; 1; 1; 0; 0; 0; 4; 4; 4; 4; 4; 4; 4; 4; 4; 4; 4; 4; 4; 0; 0; 0; 0; 0; 0; 0; 0; 0; 0; 0; 0; 0; 0; 0; 0; 0; 0; 0; 0; 0; 0; 0
0; 1; 1; 1; 1; 1; 1M; 1M; 1M; 1M; 1; 1; 1; 1; 1; 1; 1; 5; 5; 5; 1; 1; 1; 1; 4; 0; 0; 4; 4; 4; 4; 4; 4; 4; 4; 4; 4; 4; 4; 4; 4; 0; 0; 0; 0; 0; 0; 0; 0; 0; 0; 0; 0; 0; 0; 0; 0; 0; 0; 0; 0; 0; 0; 0
0; 1; 1; 1P; 1; 1; 1M; 1M; 1M; 1M; 1M; 1; 1; 1; 1; 1; 1; 5; 5; 5; 5; 1; 1; 4; 4; 4; 0; 0; 4; 4; 4; 4; 4; 4; 4; 4; 4; 4; 4; 4; 0; 0; 0; 0; 0; 0; 0; 0; 0; 0; 0; 0; 0; 0; 0; 0; 3; 0; 0; 0; 0; 0; 0; 0
0; 1; 1; 1; 1; 1M; 1M; 1M; 1M; 1M; 1; 1; 1; 1; 1; 1; 1; 5; 5; 5; 5; 5; 4; 4; 4; 4; 4; 4; 4; 4; 4; 4; 4; 4; 4; 4; 4; 4; 4; 4; 4; 0; 0; 0; 0; 0; 0; 0; 0; 0; 0; 0; 0; 0; 0; 3; 3; 3; 0; 0; 0; 0; 0; 0
0; 1; 1; 1; 1; 1; 1M; 1M; 1M; 1M; 1; 1; 5; 1; 1; 1; 5; 5; 5; 5; 5; 4; 4; 4; 4; 4; 4; 4; 4; 4; 4; 4; 4; 4; 4; 4; 4; 4; 4; 4; 4; 4; 0; 0; 0; 0; 0; 0; 0; 0; 0; 0; 0; 0; 0; 3; 3; 3; 0; 0; 0; 0; 0; 0
0; 1; 1; 1; 1; 1; 1M; 1M; 1M; 5M; 1; 5; 5; 5; 1; 5; 5; 5; 5; 5; 4; 4; 4; 4; 4; 4; 4; 4; 4; 4; 4; 4; 4; 4; 4; 4; 4; 4; 4; 4; 4; 0; 4; 0; 0; 0; 0; 0; 0; 0; 0; 0; 3; 0; 3; 3; 3; 3; 3; 0; 0; 0; 0; 0
0; 1; 5; 1; 1; 1M; 1M; 1M; 1M; 5; 5; 5; 5; 5; 5; 5; 5; 5; 5; 4; 4; 4; 4; 4; 4; 4; 4; 4; 4; 4; 4; 4; 4; 4; 4; 4; 4; 4; 4; 4; 4; 4; 4; 4; 0; 0; 0; 0; 0; 0; 0; 3; 3; 3; 3; 3; 3; 3; 0; 0; 0; 0; 0; 0
0; 5; 5; 5; 1; 5; 1M; 1M; 1; 5; 5; 5; 5; 5; 5; 5; 5; 4; 4; 4; 4; 4; 4P; 4; 4; 4; 4; 4; 4; 4; 4; 4; 4; 4; 4; 4; 4; 4; 4; 4; 4; 4; 4; 4; 0; 4; 0; 0; 0; 0; 0; 3; 3; 3; 3; 3; 3; 3; 3; 0; 0; 0; 0; 0
0; 5; 5; 5; 5; 5; 5; 1; 5; 5; 5; 5; 5; 5; 5; 5; 4P; 4; 4; 4; 4; 4; 4; 4; 4; 4; 4; 4; 4; 4; 4P; 4; 4; 4; 4; 4; 4; 4; 4; 4; 4; 4; 4; 4; 4; 4; 4; 0; 0; 0; 3; 0; 3; 3; 3; 3; 3; 3; 3; 0; 3; 0; 0; 0
0; 5; 5; 5; 5; 5; 5; 5; 5; 5; 5; 5; 5; 5; 5; 5; 5; 4; 4; 4; 4; 4; 4; 4; 4; 4; 4; 4; 4; 4; 4; 4; 4; 4; 4; 4; 4; 4; 4P; 4; 4; 4; 4; 4; 4; 4; 4; 0; 0; 0; 3; 3; 3; 3; 3; 3; 3; 3; 3; 3; 3; 3; 0; 0
0; 5; 5; 5; 5; 5; 5; 5; 5; 5; 5; 5; 5; 5; 5; 5; 5; 4; 4; 4; 4; 4; 4; 4; 4P; 4; 4; 4; 4; 4; 4; 4; 4; 4; 4; 4M; 4M; 4M; 4; 4; 4; 4; 4; 4; 4; 4; 4P; 0; 0; 3; 3; 3; 3; 3; 3; 3; 3; 3; 3; 3; 3; 3; 0; 0
0; 5; 5; 5; 5; 5; 5; 5; 5; 5; 5; 5; 5; 5; 5; 4; 4; 4; 4; 4; 4; 4; 4; 4; 4; 4; 4; 4; 4; 4; 4; 4; 4; 4; 4M; 4M; 4M; 4M; 4M; 4; 4; 4; 4; 4; 4; 4; 0; 0; 0; 3; 3; 3; 3; 3; 3; 3; 3; 3; 3; 3; 3; 3; 3; 0
0; 5; 5; 5; 5; 5; 5; 5; 5; 5; 5; 5; 5; 5; 4; 4; 4; 4; 4; 4; 4; 4; 4; 4; 4; 4; 4; 4; 4; 4; 4; 4; 4; 4; 4; 4M; 4M; 4M; 4M; 4; 4; 4; 4; 4; 4; 4; 4; 0; 3; 3; 3; 3; 3; 3; 3; 3; 3; 3; 3; 3; 3; 3; 3; 0
0; 5; 5; 5; 5; 5; 5; 5; 5; 5; 5; 5; 5; 5; 4; 4; 4; 4; 4; 4; 4; 4; 4; 4; 4; 4; 4; 4; 4; 4; 4; 4; 4; 4; 4; 4; 4; 4M; 4; 4; 4; 4; 4; 4; 4; 4; 4; 3; 3; 3; 3; 3; 3; 3; 3; 3; 3; 3; 3; 3; 3; 3; 3; 0
0; 5; 5; 5; 5; 5; 5; 5; 5; 5; 5; 5; 5; 4; 4; 4; 4; 4; 4; 4; 4; 4; 4; 4; 4; 4; 4; 4; 4; 4; 4; 4; 4; 4; 4; 4; 4; 4; 4; 4; 4; 4; 4; 4; 4; 4; 4; 4; 3; 3; 3; 3; 3; 3; 3; 3; 3; 3; 3; 3; 3; 3; 3; 0
0; 5; 5; 5; 5; 5; 5; 5; 5; 5; 5; 5; 5; 4; 4; 4; 4; 4; 4; 4; 4; 4; 4; 4; 4; 4; 4; 4; 4; 4; 4; 4; 4; 4; 4; 4; 4; 4; 4; 4; 4; 4; 4; 4; 4; 4; 4; 3; 3; 3; 3; 3; 3; 3; 3; 3; 3; 3; 3; 3; 3; 3; 3; 0
0; 5; 5; 5; 5; 5; 5; 5; 5; 5; 5; 5M; 5M; 5; 4; 4; 4; 4; 4; 4; 4; 4; 4; 4; 4; 4; 4; 4; 4; 4; 4; 4; 4; 4; 4; 4; 4; 4; 4; 4; 4; 4; 4; 4; 4; 4; 4; 4; 3; 3M; 3; 3; 3; 3; 3; 3; 3; 3; 3; 3; 3; 3; 3; 0
0; 5; 5; 5; 5; 5; 5; 5; 5; 5; 5M; 5M; 5M; 4M; 4; 4; 4; 4; 4; 4; 4; 4; 4; 4; 4; 4; 4; 4; 4; 4; 4; 4; 4; 4; 4; 4; 4; 4; 4; 4; 4; 4; 4; 4; 4; 4; 4; 4M; 3M; 3M; 3M; 3; 3; 3; 3; 3; 3; 3; 3; 3; 3; 3; 3; 0
0; 5; 5; 5; 5; 5; 5; 5; 5; 5M; 5M; 5M; 4M; 4M; 4M; 4; 4; 4; 4; 4; 4; 4; 4; 4; 4; 4; 4; 4; 4; 4; 4; 4; 4; 4; 4; 4; 4; 4; 4; 4; 4; 4; 4; 4; 3; 4; 3M; 3M; 3M; 3M; 3M; 3; 3; 3; 3; 3; 3; 3; 3; 3; 3; 3; 3; 0
0; 5; 5; 5; 5; 5; 5; 5M; 5M; 5M; 5M; 5M; 5M; 4M; 4; 4; 4; 4; 4; 4; 4; 4; 4; 4; 4; 4; 4; 4; 4; 4; 4M; 4; 4; 4; 4; 4; 4; 4; 4; 4; 4; 3; 3; 3; 3; 3; 3; 3M; 3M; 3M; 3; 3; 3; 3; 3; 3; 3; 3; 3; 3; 3; 3; 3; 0
0; 5; 5; 5; 5; 5; 5; 5M; 5M; 5M; 5M; 5M; 5M; 5M; 5; 4; 5; 5; 2; 2; 2; 2; 2; 2; 4; 4; 4; 4; 4; 4M; 4M; 4M; 4; 4; 4; 4; 4; 4; 4; 4; 3; 3; 3; 3; 3; 3; 3; 3; 3; 3; 3; 3; 3; 3; 3; 3; 3; 3; 3; 3; 3; 3; 3; 0
0; 5; 5; 5; 5; 5; 5M; 5M; 5M; 5M; 5M; 5M; 5M; 5M; 5M; 5; 5; 2; 2; 2; 2; 2; 2; 2; 2; 4; 4; 4; 2M; 4M; 4M; 4M; 4M; 4; 2; 4; 4; 4; 4; 4; 4; 3; 3; 3; 3; 3; 3; 3; 3; 3; 3; 3; 3M; 3; 3M; 3M; 3; 3; 3; 3; 3; 3; 3; 0
0; 5; 5; 5; 5; 5; 5; 5M; 5M; 5M; 5M; 5M; 5M; 5M; 5M; 5M; 5; 2; 2; 2; 2; 2; 2; 2; 2; 4; 4; 2; 2; 2M; 4M; 2M; 2M; 2; 2; 2; 4; 4; 4; 4; 4; 3; 3; 3; 3; 3; 3; 3; 3; 3; 3; 3M; 3M; 3M; 3M; 3M; 3M; 3; 3; 3; 3; 3; 3; 0
0; 5; 5; 5; 5; 5; 5M; 5M; 5M; 5M; 5M; 5M; 5M; 5M; 5M; 5; 2; 2; 2; 2; 2; 2; 2; 2; 2; 2; 2; 2; 2; 2M; 2M; 2M; 2M; 2; 2; 2; 4; 4; 4; 4; 0; 3; 3; 3; 3; 3; 3; 3; 3; 3; 3; 3M; 3M; 3M; 3M; 3M; 3M; 3; 3; 3; 3; 3; 3; 0
0; 5; 5; 5; 5; 5; 5; 5M; 5M; 5M; 5M; 5M; 5; 5M; 2; 2; 2; 2; 2; 2; 2; 2; 2; 2; 2; 2; 2; 2; 2; 2; 2M; 2M; 2M; 2; 2; 2; 0; 4; 0; 0; 3; 3; 3; 3; 3; 3; 3; 3; 3; 3; 3; 3M; 3M; 3M; 3M; 3M; 3; 3; 3; 3; 3; 3; 3; 0
0; 5; 5; 5; 5; 5; 5M; 5M; 5M; 5M; 5M; 5; 2; 2; 2; 2; 2; 2; 2; 2; 2; 2; 2; 2; 2; 2; 2; 2; 2; 2; 2; 2; 2; 2; 2; 0; 0; 0; 0; 3; 3; 3; 3; 3; 3; 3; 3; 3; 3; 3; 3; 3; 3M; 3M; 3M; 3; 3; 3; 3; 3; 3; 3; 3; 0
0; 5; 5; 5; 5; 5; 5M; 5M; 5M; 5M; 2M; 2M; 2; 2; 2; 2; 2; 2; 2; 2; 2; 2; 2; 2; 2; 2; 2; 2; 2; 2; 2; 2; 2; 2; 2; 0; 0; 0; 0; 0; 3; 3; 3; 3; 3; 3; 3; 3; 3; 3; 3; 3M; 3M; 3M; 3M; 3; 3; 3; 3; 3; 3; 3; 3; 0
0; 5; 5; 5; 5; 5; 5M; 5M; 5M; 2M; 2M; 2M; 2; 2; 2; 2; 2; 2; 2; 2; 2; 2; 2; 2; 2; 2; 2; 2; 2; 2; 2; 2; 2; 2; 2; 0; 0; 0; 0; 0; 3; 3; 3; 3; 3; 3; 3; 3; 3; 3; 3; 3; 3M; 3M; 3M; 3; 3; 3; 3; 3; 3; 3; 3; 0
0; 5; 5; 5; 5; 5; 5M; 5M; 2M; 2M; 2M; 2; 2; 2; 2; 2; 2; 2; 2; 2; 2; 2; 2; 2; 2; 2; 2; 2; 2; 2; 2; 2; 2; 2; 2; 2; 0; 0; 0; 3; 3; 3; 3; 3; 3; 3; 3; 3; 3; 3; 3; 3; 3; 3M; 3; 3; 3; 3; 3; 3; 3; 3; 3; 0
0; 5; 5; 5; 5; 5; 5; 5M; 2; 2; 2; 2; 2; 2; 2; 2; 2; 2; 2; 2; 2; 2; 2; 2; 2; 2; 2; 2; 2; 2; 2; 2; 2; 2; 2; 2; 2; 0; 0; 0; 3; 3; 3; 3; 3; 3; 3; 3; 3; 3; 3; 3; 3; 3; 3; 3; 3; 3; 3; 3; 3; 3; 3; 0
0; 5; 5; 5; 5; 5; 5; 5; 2; 2; 2; 2; 2; 2; 2; 2; 2; 2; 2; 2; 2; 2; 2; 2; 2; 2; 2; 2; 2; 2; 2; 2; 2; 2; 2; 2; 2; 2; 2; 0; 3; 3; 3; 3; 3; 3; 3; 3; 3; 3; 3; 3; 3; 3; 3; 3; 3; 3; 3; 3; 3; 3; 3; 0
0; 5; 5; 5; 5; 5; 5; 5; 5; 2; 2; 2; 2; 2; 2; 2; 2; 2; 2; 2; 2; 2; 2; 2; 2; 2; 2; 2; 2; 2; 2; 2; 2; 2; 2; 2; 2; 2; 2; 2; 0; 3; 3; 3; 3; 3; 3; 3; 3; 3; 3; 3; 3; 3; 3; 3; 3; 3; 3; 3; 3; 3; 3; 0
0; 5; 5; 5; 5; 5; 5; 5; 5; 5; 2; 2; 2; 2; 2; 2; 2; 2; 2; 2; 2; 2; 2; 2; 2; 2; 2; 2; 2; 2; 2; 2; 2; 2; 2; 2; 2; 2; 2; 2; 2; 6; 6; 3; 3; 3; 3; 3; 3; 3; 3; 3; 3; 3; 3; 3; 3; 3; 3; 3; 3; 3; 3; 0
0; 5; 5; 5; 5; 5; 5; 5; 5; 5; 2; 2; 2; 2; 2; 2; 2; 2; 2; 2; 2; 2; 2; 2; 2; 2; 2; 2; 2; 2; 2; 2; 2; 2; 2; 2; 2; 2; 2; 2; 2; 2; 6; 6; 3; 3; 3; 3; 3; 3; 3; 3; 3; 3M; 3; 3; 3M; 3; 3; 3; 3; 3; 3; 0
0; 5; 5; 5; 5; 5; 5; 5; 5; 5; 5; 2; 2; 2; 2; 2; 2; 2; 2; 2; 2; 2; 2; 2; 2; 2; 2; 2; 2; 2; 2; 2; 2; 2; 2; 2; 2; 2; 2; 2; 2; 2; 6; 6; 6; 3; 3; 6; 6; 3; 3; 3; 3M; 3M; 3M; 3M; 3M; 3M; 3; 3; 3; 3; 3; 0
0; 5; 5; 5; 5; 5; 5; 5; 5; 5; 2; 2; 2; 2; 2; 2; 2; 2; 2; 2; 2; 2; 2; 2; 2; 2; 2; 2; 2; 2; 2; 2; 2; 2; 2; 2; 2; 2; 2; 2; 2; 2; 6; 6; 6; 6; 6; 6; 6; 6; 3M; 3M; 3M; 3M; 3M; 3M; 3M; 3M; 3M; 3; 3; 3; 3; 0
0; 5; 5; 5; 5; 5; 5; 5; 5; 5; 2; 2; 2; 2; 2; 2; 2; 2; 2; 2; 2; 2; 2; 2; 2; 2; 2; 2; 2; 2; 2; 2; 2; 2; 2; 2; 2; 2; 2; 2; 2; 6; 6; 6; 6; 6; 6; 6; 6; 6M; 3M; 3M; 3M; 3M; 3M; 3M; 3M; 3M; 3; 3; 3; 3; 3; 0
0; 5; 5; 5; 5; 5; 5; 5; 5; 5; 2; 2; 2; 2; 2; 2; 2; 2; 2; 2; 2; 2; 2; 2; 2; 2; 2; 2; 2; 2; 2; 2; 2; 2; 2; 2; 2; 2; 2; 2; 2; 2; 6; 6; 6; 6; 6; 6; 6; 6; 6M; 3M; 3M; 3M; 3M; 3M; 3M; 3M; 3; 3; 3; 3; 3; 0
0; 5; 5; 5; 5; 5; 5; 5; 5; 2; 2; 2; 2; 2; 2; 2; 2; 2; 2; 2; 2; 2; 2; 2; 2; 2; 2; 2; 2; 2P; 2; 2; 2; 2; 2; 2; 2; 2; 2; 2; 2; 6; 6; 6; 6; 6; 6M; 6M; 6; 6; 3; 3M; 3M; 3M; 3M; 3M; 3M; 3M; 3M; 3; 3; 3; 3; 0
0; 5; 5; 5; 5; 5; 5; 5; 2; 2; 2; 2; 2; 2; 2; 2; 2; 2; 2; 2; 2; 2; 2; 2; 2; 2; 2; 2; 2; 2; 2; 2; 2; 2; 2; 2; 2; 2; 2; 2; 2; 6; 6; 6; 6; 6; 6M; 6; 6M; 6; 3M; 3M; 3M; 3M; 3M; 3M; 3M; 3M; 3; 3; 3; 3; 3; 0
0; 5; 5; 5; 5; 5; 5; 2; 2; 2; 2; 2; 2; 2; 2; 2; 2; 2; 2; 2; 2; 2; 2; 2; 2; 2; 2; 2; 2; 2; 2; 2; 2; 2; 2; 2; 2; 2; 2; 2; 2; 2; 6; 6; 6; 6; 6M; 6M; 6; 6; 6; 3M; 0; 0; 3; 3M; 3; 3; 3; 3; 3; 3; 3; 0
0; 5; 5; 5; 5; 5; 5; 5; 2; 2; 2; 2; 2; 2; 2; 2; 2; 2; 2; 2; 2; 2; 2; 2; 2; 2; 2; 2; 2; 2; 2; 2P; 2; 2; 2; 2; 2; 2; 2; 2; 2; 2; 2; 6; 6; 6; 6; 6; 6; 6; 6; 6; 3; 3; 3; 3; 3; 3; 3; 3; 3; 3; 3; 0
0; 5; 5; 5; 5; 5; 5; 5; 5; 2; 2; 2; 2; 2; 2; 2; 2; 2; 2; 2; 2; 2; 2; 2; 2; 2; 2; 2; 2; 2; 2; 2; 2; 2; 2; 2; 2; 2; 0; 0; 2; 2; 6; 6; 6; 6; 6; 6; 6; 6; 6; 3; 3; 3; 3; 3; 3P; 3; 3; 3; 0; 0; 0; 0
0; 0; 0; 0; 0; 0; 0; 0; 0; 0; 0; 0; 0; 0; 0; 0; 0; 0; 0; 0; 0; 0; 0; 0; 0; 0; 0; 0; 0; 0; 0; 0; 0; 0; 0; 0; 0; 0; 0; 0; 0; 0; 0; 0; 0; 0; 0; 0; 0; 0; 0; 0; 0; 0; 0; 0; 0; 0; 0; 0; 0; 0; 0; 0
